10 87.4 0.9815955958595554 1.3508694551165772 12.282958984375 0.31787109375 0 0
20 97.5 0.824909855769231 1.1221381706311526 12.72998046875 0.31005859375 0.9815955958595554 874
30 99.7 1.0014824747680537 1.521114754504402 14.174072265625 0.294921875 0.8989733153900766 1849
40 374.3 2.2334514661743587 3.0413464916459825 41.677001953125 0.243896484375 0.9348839379831345 2846
50 393.7 2.523250100211135 3.3103532768546686 41.677001953125 0.224853515625 1.6725585863394483 6589
60 429.8 2.063419191157224 2.610043056047345 41.677001953125 0.224853515625 1.990739518328127 10526
70 750.1 3.063260412934526 4.0116861431978155 72.419189453125 0.224853515625 2.011811916723935 14824
80 796 2.918803336752114 3.552632036566576 72.419189453125 0.224853515625 2.3650891919792825 22325
90 821 2.5433105171380177 2.668754409596218 72.419189453125 0.224853515625 2.5106254175824434 30285
100 104.1 1.6913380031970475 2.6728535389500268 72.419189453125 0.218017578125 2.5175963142534727 38495
110 100.8 0.9130302308097737 1.3661445921658888 72.419189453125 0.218017578125 2.4958405751344483 39536
120 99.2 0.775643379457535 1.0578885766841841 72.419189453125 0.218017578125 2.456488936739636 40544
130 253.2 1.5293666845625982 2.43626008255379 72.419189453125 0.218017578125 2.4163454758184146 41536
140 267.9 1.3745501761384835 1.7555732477528772 72.419189453125 0.218017578125 2.365382638851461 44068
150 269.8 1.3333284167380919 1.744611841088175 72.419189453125 0.218017578125 2.3085995261895134 46747
160 257.5 1.6962719015473298 2.39739152672743 72.419189453125 0.218017578125 2.2553831958568216 49445
170 259.5 1.612450231063343 2.212520666550915 72.419189453125 0.218017578125 2.2277070793084373 52020
180 257.9 1.5157223154565713 2.0555994423657378 72.419189453125 0.218017578125 2.1984735075571598 54615
190 264.8 1.3731824062382016 1.7326163812627227 72.419189453125 0.218017578125 2.167686793488771 57194
200 269.2 1.359900918084835 1.6930628504702294 72.419189453125 0.218017578125 2.1325300872048985 59842
210 274 1.3037357079721703 1.5888875518023664 72.419189453125 0.218017578125 2.0992694973934167 62534
220 268.2 1.2317732911248611 1.455722096077116 72.419189453125 0.218017578125 2.0658754571474653 65274
230 267.3 1.5005096538299663 2.0836476396379666 72.419189453125 0.218017578125 2.032956185717825 67956
240 262 1.5050232399510977 2.039069266823846 72.419189453125 0.2158203125 2.012805403748149 70629
250 271.5 1.469823049752532 1.919492964002624 72.419189453125 0.2158203125 1.9946428449535132 73249
260 273.1 1.4887697100421096 1.9993430285269418 72.419189453125 0.2158203125 1.9758854632467748 75964
270 265.9 1.5152633339895154 2.033501115299691 72.419189453125 0.2158203125 1.9589807917682573 78695
280 265.3 1.2898724063854623 1.550012434083958 72.419189453125 0.2158203125 1.94447818931191 81354
290 262.8 1.4064793695597908 1.78250819175215 72.419189453125 0.2158203125 1.9238052794103082 84007
300 265.9 1.446340020772612 2.07025779217148 72.419189453125 0.214111328125 1.9081126321997448 86635
310 271.5 1.3528572995798782 1.7781449550358945 72.419189453125 0.214111328125 1.8943619504766194 89294
320 269 1.2921210647072487 1.8022953350773019 72.419189453125 0.214111328125 1.8783832404897198 92009
330 261.3 1.3842862198921262 1.9334753843522468 72.419189453125 0.214111328125 1.861729999665056 94699
340 271.6 1.438662094992636 1.8342437468920358 72.419189453125 0.214111328125 1.8489097863661137 97312
350 266.1 1.3046675907494836 1.6790113238737516 72.419189453125 0.214111328125 1.8377705780467395 100028
360 247.8 1.4916538980528684 1.9234949627006666 72.419189453125 0.214111328125 1.823956176804172 102689
370 271 1.3192071105281358 1.6605963385796223 72.419189453125 0.214111328125 1.8161262962642144 105167
380 272.3 1.3077527514460159 1.6798885087760396 72.419189453125 0.214111328125 1.8036430885985881 107877
390 262.9 1.5508631564401858 2.4865161259548882 72.419189453125 0.214111328125 1.7914341429560343 110600
400 270.8 1.261582435145862 1.5209690124100381 72.419189453125 0.214111328125 1.7858484615179737 113229
410 253.8 1.4695383106469155 1.955220859328865 72.419189453125 0.214111328125 1.7736029109222564 115937
420 273 1.309510484632552 1.7400238175020197 72.419189453125 0.214111328125 1.7670891657819414 118475
430 262 1.4653256947757611 2.118461779374794 72.419189453125 0.214111328125 1.7567827444335002 121205
440 263.5 1.3377971381344869 1.761120108651501 72.419189453125 0.214111328125 1.7506158357308692 123825
450 274.2 1.363686726442835 1.7515567669245815 72.419189453125 0.214111328125 1.7420140860221356 126460
460 262.6 1.3520802529096063 1.7464697339883455 72.419189453125 0.2060546875 1.733985002726471 129202
470 273.4 1.2558825924698236 1.6239321295890246 72.419189453125 0.2060546875 1.7263774999727381 131828
480 270.8 1.44206744916682 1.9144645744660895 72.419189453125 0.2060546875 1.716818091840331 134562
490 253.4 1.4564204167077723 1.935547210858741 72.419189453125 0.2060546875 1.7113979363776672 137270
500 257.9 1.28272042897562 1.6468936540310564 72.419189453125 0.2060546875 1.7067763730830297 139804
510 263.2 1.227263198435124 1.4759924430590707 72.419189453125 0.2060546875 1.6990953979676506 142383
520 270.4 1.3983169645952753 1.9578738351105058 72.419189453125 0.2060546875 1.6905317159404838 145015
530 277.1 1.3835929394284583 1.9730344634158765 72.419189453125 0.2060546875 1.6851827175879535 147719
540 269.2 1.2263590797095536 1.3879335699605797 72.419189453125 0.2060546875 1.679629489630747 150490
550 276.4 1.4032402866656113 1.7830610572207044 72.419189453125 0.2060546875 1.671663776012255 153182
560 274.1 1.4181720966059366 2.0653833553789678 72.419189453125 0.2060546875 1.6669062155454646 155946
570 259.6 1.4450585787028143 2.051701755967112 72.419189453125 0.2060546875 1.6626098319726876 158687
580 272.8 1.2706567311217034 1.669747451888353 72.419189453125 0.2060546875 1.6591081420643365 161283
590 259.7 1.3976686027447542 1.8773515035908541 72.419189453125 0.2060546875 1.6526470178162587 164011
600 277.2 1.3313717532467557 1.726454622010279 72.419189453125 0.2060546875 1.6486725451382318 166608
610 276.2 1.4364095877081815 2.0085768615719948 72.419189453125 0.2060546875 1.6434797372794339 169380
620 258.2 1.487680732141992 2.4641805479706616 72.419189453125 0.2060546875 1.6401573188509515 172142
630 262.8 1.2840628195752442 1.8648371500351542 72.419189453125 0.2060546875 1.6379040820495818 174724
640 275.8 1.3895080433624916 1.8940161484406308 72.419189453125 0.2060546875 1.6326608660848194 177352
650 270.6 1.3264957718380426 1.8196614963339683 72.419189453125 0.2060546875 1.6289374998915587 180110
660 274.2 1.3878672437716533 2.029040605038912 72.419189453125 0.2060546875 1.624460827630308 182816
670 262.6 1.3091202421399006 1.724301813934624 72.419189453125 0.2060546875 1.6209646722129158 185558
680 269.7 1.2601364978737961 1.6675716489786478 72.419189453125 0.2060546875 1.6166130616967629 188184
690 267 1.4300921150807584 1.907511857312083 72.419189453125 0.2060546875 1.6115763252346187 190881
700 264.2 1.3677926767422868 1.9030132458727234 72.419189453125 0.2060546875 1.609072784353348 193551
710 272.8 1.3436387585055436 1.8047281321063904 72.419189453125 0.2060546875 1.6058236264103614 196193
720 254.1 1.3718531705037411 1.834542678298064 72.419189453125 0.2060546875 1.6022280265508977 198921
730 17.7 0.983248091013418 0.8394224624377935 72.419189453125 0.2060546875 1.5993223544677464 201462
740 0 0 0 72.419189453125 0.2060546875 1.5987815605507392 201639
750 0 0 0 72.419189453125 0.2060546875 1.5987815605507392 201639
760 0 0 0 72.419189453125 0.2060546875 1.5987815605507392 201639
770 0 0 0 72.419189453125 0.2060546875 1.5987815605507392 201639
780 0 0 0 72.419189453125 0.2060546875 1.5987815605507392 201639
781 0 0 0 72.419189453125 0.2060546875 1.5987815605507392 201639
