10 0 0
20 0 0
30 0 0
40 0 0
50 2 2
60 2 0
70 1 -1
80 4 3
90 2 -2
100 0 -2
110 0 0
120 0 0
130 1 1
140 2 1
150 1 -1
160 1 0
170 1 0
180 1 0
190 1 0
200 0 -1
210 0 0
220 1 1
230 1 0
240 0 -1
250 1 1
260 0 -1
270 0 0
280 2 2
290 0 -2
300 2 2
310 3 1
320 1 -2
330 0 -1
340 1 1
350 0 -1
360 0 0
370 0 0
380 0 0
390 0 0
400 0 0
410 0 0
420 2 2
430 0 -2
440 0 0
450 0 0
460 1 1
470 0 -1
480 0 0
490 0 0
500 0 0
510 1 1
520 6 5
530 2 -4
540 0 -2
550 0 0
560 1 1
570 0 -1
580 0 0
590 0 0
600 0 0
610 0 0
620 0 0
630 0 0
640 0 0
650 1 1
660 0 -1
670 1 1
680 0 -1
690 2 2
700 0 -2
710 0 0
720 0 0
730 0 0
740 0 0
750 0 0
760 0 0
770 0 0
780 0 0
781 0 0
