10 87.4 874
20 97.5 1849
30 99.7 2846
40 374.3 6589
50 393.5 10524
60 429.8 14822
70 750.3 22325
80 795.7 30282
90 821.1 38493
100 104.3 39536
110 100.8 40544
120 99.2 41536
130 253.1 44067
140 267.8 46745
150 269.9 49444
160 257.5 52019
170 259.5 54614
180 257.9 57193
190 264.8 59841
200 269.3 62534
210 274 65274
220 268.1 67955
230 267.3 70628
240 262.1 73249
250 271.4 75963
260 273.2 78695
270 265.9 81354
280 265.1 84005
290 263 86635
300 265.7 89292
310 271.4 92006
320 269.2 94698
330 261.4 97312
340 271.6 100028
350 266.1 102689
360 247.8 105167
370 271 107877
380 272.3 110600
390 262.9 113229
400 270.8 115937
410 253.8 118475
420 272.8 121203
430 262.2 123825
440 263.5 126460
450 274.2 129202
460 262.5 131827
470 273.5 134562
480 270.8 137270
490 253.4 139804
500 257.9 142383
510 263.1 145014
520 269.9 147713
530 277.5 150488
540 269.4 153182
550 276.4 155946
560 274.1 158687
570 259.6 161283
580 272.8 164011
590 259.7 166608
600 277.2 169380
610 276.2 172142
620 258.2 174724
630 262.8 177352
640 275.8 180110
650 270.5 182815
660 274.3 185558
670 262.5 188183
680 269.8 190881
690 266.9 193550
700 264.3 196193
710 272.8 198921
720 254.1 201462
730 17.7 201639
740 0 201639
750 0 201639
760 0 201639
770 0 201639
780 0 201639
781 0 201639
