0 0 0
10 90.8 908
20 98.4 1892
30 100.3 2895
40 380.3 6698
50 392.3 10621
60 422.9 14850
70 756.6 22416
80 794 30356
90 814.9 38505
100 108 39585
110 100.3 40588
120 98 41568
130 262.2 44190
140 265 46840
150 269.8 49538
160 255.8 52096
170 259.5 54691
180 255.1 57242
190 263.1 59873
200 269 62563
210 273.2 65295
220 267.1 67966
230 266.5 70631
240 277 73401
250 269.6 76097
260 272 78817
270 261.9 81436
280 264.3 84079
290 261.6 86695
300 264.3 89338
310 272.9 92067
320 266.6 94733
330 260.8 97341
340 270.5 100046
350 264.7 102693
360 260 105293
370 269.3 107986
380 272 110706
390 264.2 113348
400 266.6 116014
410 254.8 118562
420 270 121262
430 263.3 123895
440 262 126515
450 272 129235
460 262.1 131856
470 271.6 134572
480 269.8 137270
490 264.6 139916
500 258.5 142501
510 263.8 145139
520 264.7 147786
530 277.8 150564
540 267.5 153239
550 275.8 155997
560 272.9 158726
570 258 161306
580 272.1 164027
590 272 166747
600 276.2 169509
610 274.3 172252
620 257.7 174829
630 263.7 177466
640 271.7 180183
650 269.7 182880
660 272.2 185602
670 261 188212
680 269.2 190904
690 266 193564
700 264.4 196208
710 271.4 198922
720 266.1 201583
730 5.6 201639
740 0 201639
750 0 201639
760 0 201639
770 0 201639
780 0 201639
781 0 201639
