10 87.4 2.762219322082379 2.8315864647739355 38.25 1.052001953125 0 0
20 97.5 1.9532116386217957 1.5853652312330018 38.25 0.95703125 2.762219322082379 874
30 99.7 2.241029729814442 2.1581300467933713 38.25 0.93798828125 2.3356198134971606 1849
40 374.3 4.174702217576981 3.951616417690634 42.89990234375 0.929931640625 2.3024833716729614 2846
50 393.5 4.341046894853864 4.153766246830143 53.078857421875 0.929931640625 3.3660309722525255 6589
60 429.8 3.7403423580917017 3.5222456936599986 53.078857421875 0.861083984375 3.730596503935941 10524
70 750.3 5.16147219497617 5.096654498414192 74.828125 0.861083984375 3.7334225517811346 14822
80 795.7 4.8848905027609275 4.4937045918289575 74.828125 0.861083984375 4.213362371395574 22325
90 821.1 4.454064603932604 3.565910562418686 74.828125 0.861083984375 4.3898153580303445 30282
100 104.3 3.115957433859658 3.5146497309993077 74.828125 0.846923828125 4.4035204617661785 38493
110 100.8 1.9497925289093532 1.803638404592392 74.828125 0.846923828125 4.369553235994565 39536
120 99.2 1.792566607075353 1.6677019584734838 74.828125 0.846923828125 4.309393439409574 40544
130 253.1 3.013716536046767 3.2483281081387223 74.828125 0.829833984375 4.249284323999435 41536
140 267.8 2.682994429436619 2.3661429827114606 74.828125 0.822021484375 4.178319155703245 44067
150 269.9 2.665968859270798 2.3753613000893976 74.828125 0.822021484375 4.092652675503395 46745
160 257.5 3.2227342801881096 3.289398318109577 74.828125 0.822021484375 4.014774275292817 49444
170 259.5 3.083562797296486 2.896372607572055 74.828125 0.822021484375 3.9755673895896195 52019
180 257.9 2.9688271518454408 2.9312098146540975 74.828125 0.822021484375 3.933183533490438 54614
190 264.8 2.7380883715303987 2.3933716442149877 74.828125 0.822021484375 3.88969787775875 57193
200 269.3 2.7749196593309033 2.410623080408795 74.828125 0.822021484375 3.83873846911764 59841
210 274 2.6981891715613586 2.3593352417300175 74.828125 0.822021484375 3.7929255664605943 62534
220 268.1 2.587142813432484 2.20553404683181 74.828125 0.822021484375 3.7469719291467496 65274
230 267.3 2.8765848590067407 2.6982349023189665 74.828125 0.822021484375 3.7012136794339994 67955
240 262.1 2.920575214314671 2.761739165122967 74.828125 0.822021484375 3.6700046286750645 70628
250 271.4 2.905694521606716 2.577459739786954 74.828125 0.822021484375 3.643188501560174 73249
260 273.2 2.9673550383761906 2.791623972942636 74.828125 0.822021484375 3.616839375517315 75963
270 265.9 2.9356478733781475 2.7913765909415758 74.828125 0.822021484375 3.594291676056491 78695
280 265.1 2.686458879756458 2.2947121861802127 74.828125 0.822021484375 3.57276435261423 81354
290 263 2.818612055905417 2.6065283865339857 74.828125 0.822021484375 3.5447946388049814 84005
300 265.7 2.7048938939299543 2.5849103924106887 74.828125 0.822021484375 3.5227497355554185 86635
310 271.4 2.7007091412582884 2.4955691512847507 74.828125 0.822021484375 3.4984133675582982 89292
320 269.2 2.609075809835867 2.4056172242553906 74.828125 0.822021484375 3.4748826274959304 92006
330 261.4 2.82103875765111 2.6522057812742657 74.828125 0.822021484375 3.450270154654467 94698
340 271.6 2.865858210028539 2.680965762670554 74.828125 0.801025390625 3.4333677081754432 97312
350 266.1 2.630873687640922 2.3995455633465186 74.828125 0.801025390625 3.4179584647939203 100028
360 247.8 2.908831112225074 2.5962605292256686 74.828125 0.801025390625 3.397562584105588 102689
370 271 2.5720922941651296 2.2086795623305737 74.828125 0.801025390625 3.386046836890969 105167
380 272.3 2.6421384387623923 2.303431283325071 74.828125 0.801025390625 3.365599319711338 107877
390 262.9 3.032225819584443 3.3038960818279675 74.828125 0.801025390625 3.3477875296677215 110600
400 270.8 2.649624755498757 2.189068411862884 74.828125 0.801025390625 3.3404606811058786 113229
410 253.8 2.9287252704208546 2.852219876168942 74.828125 0.801025390625 3.3243244719013614 115937
420 272.8 2.647093831618862 2.5425546765671068 74.828125 0.801025390625 3.3158498504761025 118475
430 262.2 2.7655338429931824 2.7130708148298868 74.828125 0.801025390625 3.30079769484099 121203
440 263.5 2.6244503824715366 2.3780718822120352 74.828125 0.801025390625 3.289463458462674 123825
450 274.2 2.6726822133137262 2.2772189012081947 74.828125 0.801025390625 3.2756068282615303 126460
460 262.5 2.66364564732143 2.3594306888573118 74.828125 0.801025390625 3.2628112113656087 129202
470 273.5 2.5827594764053927 2.3022158108772275 74.828125 0.801025390625 3.250880350421978 131827
480 270.8 2.7827955327674934 2.486570701503501 74.828125 0.801025390625 3.2373006578606653 134562
490 253.4 2.8419911084254172 2.7199955242909204 74.828125 0.801025390625 3.228334387890881 137270
500 257.9 2.639243934634311 2.3338034293484164 74.828125 0.801025390625 3.221331770868725 139804
510 263.1 2.5643016854332874 2.156082513166737 74.828125 0.801025390625 3.210788345532494 142383
520 269.9 2.798616819886996 2.7436365649444525 74.828125 0.801025390625 3.19905908902815 145014
530 277.5 2.7884170889639606 2.7691981952937312 74.828125 0.801025390625 3.1917422402442788 147713
540 269.4 2.5673844437291238 2.1117125113920356 74.828125 0.801025390625 3.1843049210241223 150488
550 276.4 2.7485932765579806 2.479975001228962 74.828125 0.801025390625 3.173455188249823 153182
560 274.1 2.7972710048225973 2.796787060641262 74.828125 0.801025390625 3.1659249000480334 155946
570 259.6 2.768044305692652 2.640957086483339 74.828125 0.801025390625 3.159557142595861 158687
580 272.8 2.5412362286072634 2.2887060705271085 74.828125 0.801025390625 3.153255379083273 161283
590 259.7 2.810494794173564 2.686144990571592 74.828125 0.801025390625 3.1430756457574685 164011
600 277.2 2.7211136370682287 2.615933536791103 74.828125 0.801025390625 3.1378915461250174 166608
610 276.2 2.8181530664486765 2.711711616300893 74.828125 0.801025390625 3.131070738686681 169380
620 258.2 2.9509916534542033 3.4151715009100987 74.828125 0.801025390625 3.1260500080647446 172142
630 262.8 2.5898250771439817 2.5012310588839526 74.828125 0.801025390625 3.1234630671086974 174724
640 275.8 2.755446867635064 2.564571532202562 74.828125 0.801025390625 3.1155556251986694 177352
650 270.5 2.6188085756989397 2.401000240620848 74.828125 0.801025390625 3.1100413286390087 180110
660 274.3 2.797568526704341 2.6976423825146516 74.828125 0.797119140625 3.1027728627215354 182815
670 262.5 2.6472476748511973 2.3857052873314966 74.828125 0.797119140625 3.0982611979391215 185558
680 269.8 2.5487888525644067 2.332878778476993 74.828125 0.797119140625 3.0919699256238444 188183
690 266.9 2.8120103466595676 2.683426681808008 74.828125 0.797119140625 3.084292354073431 190881
700 264.3 2.710265859256762 2.4736936738602853 74.828125 0.797119140625 3.0805376618606304 193550
710 272.8 2.697190897206057 2.589523838506629 74.828125 0.797119140625 3.075549571692877 196193
720 254.1 2.7260327119613303 2.640323447705302 74.828125 0.797119140625 3.0703607657648955 198921
730 17.7 2.0809277895480216 1.1816809613455246 74.828125 0.797119140625 3.0660178247402117 201462
740 0 0 0 74.828125 0.797119140625 3.065153106425654 201639
750 0 0 0 74.828125 0.797119140625 3.065153106425654 201639
760 0 0 0 74.828125 0.797119140625 3.065153106425654 201639
770 0 0 0 74.828125 0.797119140625 3.065153106425654 201639
780 0 0 0 74.828125 0.797119140625 3.065153106425654 201639
781 0 0 0 74.828125 0.797119140625 3.065153106425654 201639
