10 90.8 5.279700191010466 3.266827967581336 46.191162109375 2.60888671875 0 0
20 98.4 4.356816981866104 1.8630040776185475 46.191162109375 2.60888671875 5.279700191010466 908
30 100.3 4.731372532792257 2.5889454684657016 46.191162109375 2.60888671875 4.799722877163716 1892
40 380.3 7.554746689496782 5.0349040115682 49.080078125 2.401123046875 4.776042256989425 2895
50 392.3 7.78592738089074 5.421325085524386 55.885986328125 2.401123046875 6.353739025700306 6698
60 422.9 6.902292312474136 4.7071133534131695 55.885986328125 2.39990234375 6.882735816719238 10621
70 756.6 8.846510892944115 6.564478389444062 79.55615234375 2.343017578125 6.888305137968226 14850
80 794 8.46471288570528 5.53527367891844 79.55615234375 2.343017578125 7.549251994773526 22416
90 814.9 7.867912461939357 4.40537524748673 79.55615234375 2.343017578125 7.788702497935937 30356
100 108 6.193842230902774 4.391467809524754 79.55615234375 2.343017578125 7.805466086993562 38505
110 100.3 4.241810944120759 1.924747549164016 79.55615234375 2.343017578125 7.761496053784567 39585
120 98 4.183931062659444 1.960160015700437 79.55615234375 2.343017578125 7.67451851941498 40588
130 262.2 5.768829741430685 4.049972446425032 79.55615234375 2.343017578125 7.592225031452595 41568
140 265 5.4443122604658045 3.201021299456197 79.55615234375 2.343017578125 7.4840344351539425 44190
150 269.8 5.276794659817462 2.8990621153665166 79.55615234375 2.343017578125 7.368635977363089 46840
160 255.8 6.184036600860052 4.119217647377344 79.55615234375 2.343017578125 7.254707520930893 49538
170 259.5 5.955916105942921 3.741793002497298 79.55615234375 2.343017578125 7.202135803072685 52096
180 255.1 5.834769146903172 3.8504372470929216 79.55615234375 2.343017578125 7.14300468252174 54691
190 263.1 5.467667095745446 3.0053877831522278 79.55615234375 2.343017578125 7.084702931161498 57242
200 269 5.500863295771376 3.1641077604947343 79.55615234375 2.25 7.013645504892902 59873
210 273.2 5.492968356801323 3.170782627800858 79.55615234375 2.25 6.948600923550305 62563
220 267.1 5.2080290182749875 2.7429777187949522 79.55615234375 2.25 6.887695981788175 65295
230 266.5 5.6361948324636515 3.3551277875674126 79.55615234375 2.25 6.821686646833291 67966
240 277 5.705956943112594 3.5479711099028832 79.55615234375 2.25 6.776956490311436 70631
250 269.6 5.643702113663762 3.4618141197949406 79.55615234375 2.25 6.736539210632129 73401
260 272 5.770149589987356 3.4688496319152855 79.55615234375 2.25 6.697821668371242 76097
270 261.9 5.670927521835619 3.5296140146572914 79.55615234375 2.25 6.6658074068134034 78817
280 264.3 5.438122960414303 3.062173304609254 79.55615234375 2.25 6.633811846879753 81436
290 261.6 5.496616841820762 3.2718793124941796 79.55615234375 2.25 6.596225699007773 84079
300 264.3 5.340325934662322 3.238940308417795 79.55615234375 2.25 6.563045276026042 86695
310 272.9 5.379296212984379 3.115534081327415 79.55615234375 2.25 6.526872010235176 89338
320 266.6 5.260457570447303 3.0121939323095592 79.55615234375 2.25 6.492856191856197 92067
330 260.8 5.5843141707905914 3.444518757452693 79.55615234375 2.25 6.4581737187509844 94733
340 270.5 5.641606887563557 3.409263730668304 79.55615234375 2.2490234375 6.4347609152963186 97341
350 264.7 5.302761491488007 3.1916134199693684 79.55615234375 2.2490234375 6.413315963523962 100046
360 260 5.7186531888521595 3.390990306238425 79.55615234375 2.2490234375 6.38469047115857 102693
370 269.3 5.241578734943601 2.8174874586797265 79.55615234375 2.160888671875 6.368244012856531 105293
380 272 5.281103425867414 2.9911120764258596 79.55615234375 2.160888671875 6.340146763273997 107986
390 264.2 5.727169062854845 3.9539458940656287 79.55615234375 2.160888671875 6.314126512540108 110706
400 266.6 5.304023668270588 2.8296632560892703 79.55615234375 2.160888671875 6.300445269094538 113348
410 254.8 5.774241975937008 3.6064934679453478 79.55615234375 2.160888671875 6.2775475154803475 116014
420 270 5.268651620370384 3.122513179411794 79.55615234375 2.160888671875 6.266731043805136 118562
430 263.3 5.461249792299656 3.5163322522894 79.55615234375 2.160888671875 6.244507969443227 121262
440 262 5.305147546666266 3.040852362938026 79.55615234375 2.160888671875 6.227862271227648 123895
450 272 5.3844715791590225 3.034200984940782 79.55615234375 2.160888671875 6.208753765687983 126515
460 262.1 5.382714135826028 3.3011372551232774 79.55615234375 2.160888671875 6.191405156198612 129235
470 271.6 5.254869059364645 3.103510685033917 79.55615234375 2.160888671875 6.175330201972816 131856
480 269.8 5.524682092348505 3.205266330713323 79.55615234375 2.160888671875 6.156752990789778 134572
490 264.6 5.628249579996927 3.4790495343261076 79.55615234375 2.160888671875 6.14432982998265 137270
500 258.5 5.267666336738392 2.8371429667142865 79.55615234375 2.160888671875 6.134570057394367 139916
510 263.8 5.269916063009397 2.864740609048803 79.55615234375 2.160888671875 6.1188442300816055 142501
520 264.7 5.592470452251372 3.618383501297452 79.55615234375 2.160888671875 6.103414383488088 145139
530 277.8 5.378703766198708 3.246494513617513 79.55615234375 2.160888671875 6.094262849608129 147786
540 267.5 5.259013398072439 2.856373652356758 79.55615234375 2.160888671875 6.0810603368314275 150564
550 275.8 5.515315088350936 3.2656513126331643 79.55615234375 2.160888671875 6.0667103635140585 153239
560 272.9 5.524271102910857 3.530783511137308 79.55615234375 2.160888671875 6.056961790343421 155997
570 258 5.4959290023922005 3.4329528686664204 79.55615234375 2.160888671875 6.047803159205464 158726
580 272.1 5.104893435892137 2.867515709349551 79.55615234375 2.160888671875 6.038976238169804 161306
590 272 5.56990491081685 3.364017598354502 79.55615234375 2.160888671875 6.023480988576765 164027
600 276.2 5.4577115201846516 3.2760456439175156 79.55615234375 2.160888671875 6.016082193207091 166747
610 274.3 5.7016197479949 3.877877972598799 79.55615234375 2.160888671875 6.006984034413823 169509
620 257.7 5.611518833218124 4.269003894692408 79.55615234375 2.160888671875 6.002121308653616 172252
630 263.7 5.267341761323231 3.199396827212499 79.55615234375 2.160888671875 5.996363782275285 174829
640 271.7 5.464881849236288 3.396366334993493 79.55615234375 2.160888671875 5.985531109711242 177466
650 269.7 5.226931290843992 3.0019392524083717 79.55615234375 2.160888671875 5.977680180152346 180183
660 272.2 5.555560109897366 3.471677663563909 79.55615234375 2.160888671875 5.966608604504573 182880
670 261 5.3065661667864 3.0462346124868303 79.55615234375 2.160888671875 5.960580253504472 185602
680 269.2 5.182006201099322 2.9144032394660395 79.55615234375 2.160888671875 5.951510817090566 188212
690 266 5.5830339704241005 3.423418565815663 79.55615234375 2.160888671875 5.940659779782555 190904
700 264.4 5.435574391605996 3.4468540362895834 79.55615234375 2.160888671875 5.935745205518263 193564
710 271.4 5.328685605886152 3.1607445630065527 79.55615234375 2.160888671875 5.929005156019853 196208
720 266.1 5.3465380290539235 3.1363748490354664 79.55615234375 2.160888671875 5.920814673021176 198922
730 5.6 5.692299979073661 2.816453892224479 79.55615234375 2.160888671875 5.913233923902466 201583
740 0 0 0 79.55615234375 2.160888671875 5.913172565232217 201639
750 0 0 0 79.55615234375 2.160888671875 5.913172565232217 201639
760 0 0 0 79.55615234375 2.160888671875 5.913172565232217 201639
770 0 0 0 79.55615234375 2.160888671875 5.913172565232217 201639
780 0 0 0 79.55615234375 2.160888671875 5.913172565232217 201639
781 0 0 0 79.55615234375 2.160888671875 5.913172565232217 201639
