10 220.5484375 220.5484375
20 246.03515625 466.58359375
30 251.58671875 718.1703125
40 944.52265625 1662.69296875
50 992.97265625 2655.665625
60 1084.5734375 3740.2390625
70 1893.33515625 5633.57421875
80 2007.89921875 7641.4734375
90 2071.99453125 9713.46796875
100 263.19453125 9976.6625
110 254.3625 10231.025
120 250.325 10481.35
130 638.68203125 11120.03203125
140 675.7765625 11795.80859375
150 681.07578125 12476.884375
160 649.78515625 13126.66953125
170 654.83203125 13781.5015625
180 650.79453125 14432.29609375
190 668.20625 15100.50234375
200 679.56171875 15780.0640625
210 691.421875 16471.4859375
220 676.53359375 17148.01953125
230 674.51484375 17822.534375
240 661.39296875 18483.92734375
250 684.8609375 19168.78828125
260 689.403125 19858.19140625
270 670.98203125 20529.1734375
280 668.96328125 21198.13671875
290 663.6640625 21861.80078125
300 670.47734375 22532.278125
310 684.8609375 23217.1390625
320 679.309375 23896.4484375
330 659.6265625 24556.075
340 685.365625 25241.440625
350 671.48671875 25912.92734375
360 625.3078125 26538.23515625
370 683.8515625 27222.08671875
380 687.13203125 27909.21875
390 663.41171875 28572.63046875
400 683.346875 29255.97734375
410 640.4484375 29896.42578125
420 688.39375 30584.81953125
430 661.6453125 31246.46484375
440 664.92578125 31911.390625
450 691.9265625 32603.3171875
460 662.40234375 33265.71953125
470 690.16015625 33955.8796875
480 683.346875 34639.2265625
490 639.4390625 35278.665625
500 650.79453125 35929.46015625
510 663.91640625 36593.3765625
520 681.07578125 37274.45234375
530 700.25390625 37974.70625
540 679.8140625 38654.5203125
550 697.478125 39351.9984375
560 691.67421875 40043.67265625
570 655.084375 40698.75703125
580 688.39375 41387.15078125
590 655.33671875 42042.4875
600 699.496875 42741.984375
610 696.9734375 43438.9578125
620 651.5515625 44090.509375
630 663.159375 44753.66875
640 695.9640625 45449.6328125
650 682.58984375 46132.22265625
660 692.17890625 46824.4015625
670 662.40234375 47486.80390625
680 680.8234375 48167.62734375
690 673.50546875 48841.1328125
700 666.94453125 49508.07734375
710 688.39375 50196.47109375
720 641.20546875 50837.6765625
730 44.66484375 50882.34140625
740 0 50882.34140625
750 0 50882.34140625
760 0 50882.34140625
770 0 50882.34140625
780 0 50882.34140625
781 0 50882.34140625
