10 290.37578125 290.37578125
20 323.9796875 614.35546875
30 331.32421875 945.6796875
40 1243.896875 2189.5765625
50 1307.909375 3497.4859375
60 1428.5609375 4926.046875
70 2492.57734375 7418.62421875
80 2645.08828125 10063.7125
90 2728.04296875 12791.75546875
100 345.93203125 13137.6875
110 334.93203125 13472.61953125
120 329.590625 13802.21015625
130 841.33125 14643.54140625
140 890.2046875 15533.74609375
150 896.50703125 16430.253125
160 855.640625 17285.89375
170 862.2203125 18148.1140625
180 856.99921875 19005.11328125
190 879.89375 19885.00703125
200 894.45703125 20779.4640625
210 910.4921875 21689.95625
220 891.184375 22581.140625
230 887.91796875 23469.05859375
240 870.93125 24339.98984375
250 902.11171875 25242.1015625
260 907.4515625 26149.553125
270 883.625 27033.178125
280 881.496875 27914.675
290 873.30390625 28787.97890625
300 883.49765625 29671.4765625
310 902.221875 30573.6984375
320 893.946875 31467.6453125
330 868.3734375 32336.01875
340 902.4671875 33238.4859375
350 884.2171875 34122.703125
360 823.48515625 34946.18828125
370 900.50234375 35846.690625
380 904.7578125 36751.4484375
390 873.6125 37625.0609375
400 899.72421875 38524.78515625
410 843.290625 39368.07578125
420 907.15703125 40275.2328125
430 870.653125 41145.8859375
440 875.625 42021.5109375
450 911.1265625 42932.6375
460 872.26796875 43804.90546875
470 908.80859375 44713.7140625
480 899.8046875 45613.51875
490 842.0296875 46455.5484375
500 856.96640625 47312.51484375
510 874.61171875 48187.1265625
520 898.60390625 49085.73046875
530 920.68671875 50006.4171875
540 894.55625 50900.9734375
550 918.41328125 51819.38671875
560 910.821875 52730.20859375
570 862.58125 53592.78984375
580 906.4390625 54499.22890625
590 862.99921875 55362.228125
600 921.125 56283.353125
610 917.79140625 57201.14453125
620 858.0015625 58059.14609375
630 873.19375 58932.33984375
640 916.50625 59848.84609375
650 899.121875 60747.96796875
660 911.1015625 61659.06953125
670 872.54140625 62531.6109375
680 896.19921875 63427.81015625
690 887.20859375 64315.01875
700 877.92890625 65192.94765625
710 906.50625 66099.45390625
720 844.3640625 66943.81796875
730 58.825 67002.64296875
740 0 67002.64296875
750 0 67002.64296875
760 0 67002.64296875
770 0 67002.64296875
780 0 67002.64296875
781 0 67002.64296875
