10 26.3 3.057861328125 2.197459321883848 14.093994140625 1.203857421875 0 0
20 32.9 2.40776085201368 1.7050603810444243 14.139892578125 1.203857421875 3.057861328125 263
30 34.7 2.719786366399495 2.3171312395541817 24.070068359375 1.203857421875 2.6965723810969187 592
40 130.4 4.81150490228385 4.20876312900168 41.890869140625 1.1279296875 2.705150925186369 939
50 130.6 4.861367008039815 4.26510837788994 44.114013671875 1.091064453125 3.9297098133429067 2243
60 145.3 4.270976770851252 3.6943528576722655 44.114013671875 1.0380859375 4.272551260588374 3549
70 251.1 5.85266594562051 5.413674167473291 74.159912109375 1.0380859375 4.272093896816275 5002
80 264.5 5.4532703767426725 4.592404982596133 74.159912109375 1.0380859375 4.800353768312007 7513
90 266.8 5.098347951268502 3.776350143058141 74.159912109375 1.0380859375 4.970364048810049 10158
100 35.1 3.9653542890847624 4.313299683246605 74.159912109375 1.0380859375 4.996986616388339 12826
110 32.5 2.3817210036057697 1.994312288448249 74.159912109375 1.0380859375 4.969506693273551 13177
120 31.8 2.2932512775157217 1.6397786204851956 74.159912109375 1.0380859375 4.907217376939525 13502
130 82.5 3.5143590198863657 3.541900731489449 74.159912109375 1.0380859375 4.847069676533102 13820
140 88.8 3.2370555980785483 2.6544643956080964 74.159912109375 1.0380859375 4.771993794543785 14645
150 88.6 3.0300044970372455 2.3246299486982727 74.159912109375 1.0380859375 4.684243513306346 15533
160 84.7 3.4781302459969017 2.95767091643707 74.159912109375 1.0380859375 4.594977676872067 16419
170 80.2 3.5478713494583842 2.9735124553679517 74.159912109375 1.0380859375 4.540189667260619 17266
180 86.9 3.4482402208896716 3.324957244693408 74.159912109375 1.0380859375 4.496142772702428 18068
190 86.6 3.109407138604213 2.4375834019155835 74.159912109375 1.0380859375 4.448055572114939 18937
200 86.9 3.1264679341376573 2.339148112012136 74.159912109375 1.0380859375 4.389515474987216 19803
210 90 3.078439127604166 2.3729572517350492 74.159912109375 1.0380859375 4.336420065109205 20672
220 86.7 2.960183677101353 2.0881960994298585 74.159912109375 1.0380859375 4.283936158018785 21572
230 89.8 3.291661863603146 2.940338910346022 74.159912109375 1.0380859375 4.232788896511792 22439
240 85.4 3.3663310066598355 2.858101103523474 74.159912109375 1.0380859375 4.196574641228253 23337
250 87 3.6030065777658047 2.930408060443779 74.159912109375 1.0380859375 4.167265060643679 24191
260 87.9 3.333886052154438 2.775982177338346 74.159912109375 1.0380859375 4.147676661134332 25061
270 90.4 3.381089202070659 2.7283009614241758 74.159912109375 1.0380859375 4.1201006416550205 25940
280 84.8 3.170163424509876 2.456052338709173 74.159912109375 1.0380859375 4.0952136523321085 26844
290 90 3.171886935763889 2.567024713988501 74.159912109375 1.0380859375 4.066886243940036 27692
300 85.7 3.228995075025526 2.8734810783282643 74.159912109375 1.0380859375 4.038714049712332 28592
310 92.1 3.2075770540682687 2.77319699622815 74.159912109375 1.0380859375 4.015150289947769 29449
320 92.6 3.1142897142447343 2.5657803794542837 74.159912109375 1.0380859375 3.9906598404830005 30370
330 89.9 3.2866020839126797 2.974545276517729 74.159912109375 1.0029296875 3.96472941049525 31296
340 87.8 3.1601298338731514 2.672507020910172 74.159912109375 1.0029296875 3.945793660639753 32195
350 88.4 3.0059317334205327 2.6194838691459252 74.159912109375 1.0029296875 3.924936380081561 33073
360 86.7 3.342642215433967 2.8657451873874886 74.159912109375 1.0029296875 3.9010120019666408 33957
370 88.9 3.0335409123664223 2.4325830048310597 74.159912109375 1.0029296875 3.8871104798863563 34824
380 86 3.0490345089934587 2.388869898048793 74.159912109375 1.0029296875 3.8658626612901807 35713
390 87.4 3.4633937111162756 3.6319806978914144 74.159912109375 1.0029296875 3.8466552620892625 36573
400 83.2 3.0725103525015007 2.1857405768652507 74.159912109375 1.0029296875 3.8377100703369087 37447
410 81.1 3.292382631878082 2.9436849559746645 74.159912109375 1.0029296875 3.8210783358287173 38279
420 90.2 3.0639277625242514 2.561341727571858 74.159912109375 1.0029296875 3.8101094891696237 39090
430 88.8 3.1721504830025364 2.6934595237304575 74.159912109375 1.0029296875 3.793279725280993 39992
440 89.9 3.1459797996037255 2.6943005457547913 74.159912109375 1.0029296875 3.779787485380228 40880
450 89.6 3.201821735927037 2.7173498863592984 74.159912109375 1.0029296875 3.766149219516682 41779
460 87.7 3.0681681268707255 2.4975550782597438 74.159912109375 1.0029296875 3.7543006565337573 42675
470 90.3 2.9666862952484765 2.4945852852864143 74.159912109375 1.0029296875 3.740484110140607 43552
480 87.7 3.2757514074971494 2.788632691873545 74.159912109375 1.0029296875 3.7247662060387605 44455
490 85.2 3.211552722913 2.8713399838776934 74.159912109375 1.0029296875 3.716079495143124 45332
500 84.7 3.0216789380718714 2.539777112456684 74.159912109375 1.0029296875 3.7067720118168626 46184
510 88.4 2.982258930465214 2.1948186235318254 74.159912109375 1.0029296875 3.6944338979459683 47031
520 92 3.2004452912703796 2.7887224685299716 74.159912109375 1.0029296875 3.681294741705689 47915
530 87.6 3.298215265143407 2.960340963162109 74.159912109375 1.0029296875 3.672236044164981 48835
540 90.6 3.012585637848374 2.2799142242486727 74.159912109375 1.0029296875 3.665645104485174 49711
550 89.1 3.179339784564395 2.74459979532383 74.159912109375 1.0029296875 3.6539559115900406 50617
560 91.3 3.370810300862541 3.3501196160296742 74.159912109375 1.0029296875 3.6457458671468506 51508
570 84.1 3.2570170834571925 2.8025712598819825 74.159912109375 1.0029296875 3.640957401226369 52421
580 87.4 2.913027835383295 2.4127438053144483 74.159912109375 1.0029296875 3.6348950339242796 53262
590 88.4 3.289153362291432 2.9429743852782413 74.159912109375 1.0029296875 3.62324083096276 54136
600 91.5 3.173785967383879 2.7818214963507466 74.159912109375 1.0029296875 3.617873086100792 55020
610 90.9 3.1479387440697195 2.704355271666021 74.159912109375 1.0029296875 3.6106085877790624 55935
620 86.3 3.2987842758726846 3.0502491797774627 74.159912109375 1.0029296875 3.6032099724822535 56844
630 83 2.9485745717243987 2.6570212624991867 74.159912109375 1.0029296875 3.5986573293683497 57707
640 94.5 3.3418601707175934 3.052536081663193 74.159912109375 0.9970703125 3.5894397628916854 58537
650 85.6 3.0238162602219605 2.6771196675089475 74.159912109375 0.9970703125 3.5855064265108556 59482
660 88.6 3.1428175812112027 2.5910243398769257 74.159912109375 0.9970703125 3.5775378696753077 60338
670 84.3 2.9946874073250296 2.440691477115009 74.159912109375 0.9970703125 3.5712468371459205 61224
680 90.6 2.8831051453849326 2.1739708021607003 74.159912109375 0.9970703125 3.563415951178514 62067
690 88.3 3.225696256989666 2.784567164627865 74.159912109375 0.9970703125 3.55362823914242 62973
700 88.7 3.231642111312712 2.842547628124757 74.159912109375 0.9970703125 3.5490935996372692 63856
710 89.8 3.076277633021298 2.6707524437036496 74.159912109375 0.9970703125 3.544744411769177 64743
720 85.5 3.1845985814144755 2.4497819815677997 74.159912109375 0.9970703125 3.538335564138648 65641
730 6.4 2.6035690307617188 1.1690140080712592 74.159912109375 0.9970703125 3.53378724363472 66496
740 0 0 0 74.159912109375 0.9970703125 3.532892803045419 66560
750 0 0 0 74.159912109375 0.9970703125 3.532892803045419 66560
760 0 0 0 74.159912109375 0.9970703125 3.532892803045419 66560
770 0 0 0 74.159912109375 0.9970703125 3.532892803045419 66560
780 0 0 0 74.159912109375 0.9970703125 3.532892803045419 66560
781 0 0 0 74.159912109375 0.9970703125 3.532892803045419 66560
