10 29.5 3.2106379104872893 3.2753298516288663 41.4580078125 1.322021484375 0 0
20 33.9 2.436009949990782 1.7737691851675084 41.4580078125 1.1650390625 3.2106379104872893 295
30 32.4 2.694925190489969 2.3630569593113826 41.4580078125 1.1650390625 2.7964440956476744 634
40 119.5 4.786962686323225 4.020672901872868 41.4580078125 1.1650390625 2.762109935656968 958
50 129 4.954010151707849 4.65910550141627 53.328857421875 1.13818359375 3.8859831530495255 2153
60 142.2 4.240647113440577 3.878141493226487 53.328857421875 1.115966796875 4.286144299802136 3443
70 244.6 5.883522364319298 5.532536996173555 74.83203125 1.115966796875 4.272845841630269 4865
80 257.7 5.602602537167736 4.944894695397084 74.83203125 1.115966796875 4.811720793688451 7311
90 269.4 5.10489700419335 3.8552213227317913 74.83203125 1.115966796875 5.0178395490430345 9888
100 33.2 3.268895896084339 2.626773830929689 74.83203125 1.115966796875 5.03647989113292 12582
110 33.7 2.3984273576594943 1.6477695265736476 74.83203125 1.115966796875 4.991037899003748 12914
120 36 2.1574083116319462 1.9469652960360466 74.83203125 1.115966796875 4.925102516584835 13251
130 84.5 3.4856719790125728 3.403473346093024 74.83203125 1.0458984375 4.8518992314637535 13611
140 88.9 2.9640745285257317 2.2633992772086895 74.83203125 1.0458984375 4.772038825520115 14456
150 89.4 3.114070474168067 2.5001648532729424 74.83203125 1.0458984375 4.667295895573682 15345
160 84.9 3.90619852629932 3.8376571412460656 74.83203125 1.0458984375 4.581786718485399 16239
170 83.7 3.6614300398558837 3.3178197016630127 74.83203125 1.036865234375 4.548220802335705 17088
180 85.4 3.39216302876171 3.0908845124018067 74.83203125 1.036865234375 4.506812497275978 17925
190 86.7 3.237398457774656 2.6058517954894103 74.83203125 1.036865234375 4.45612233027501 18779
200 93.4 3.2425372432079773 2.6765140127993488 74.83203125 1.036865234375 4.4023386797885085 19646
210 87 3.2426465966235622 2.5804361000539875 74.83203125 1.036865234375 4.349702404678391 20580
220 86.7 3.0342227711397047 2.297492162992575 74.83203125 1.036865234375 4.3048008404356075 21450
230 86.2 3.3490990021389204 2.8125672265601613 74.83203125 1.0361328125 4.255439762061294 22317
240 84.1 3.2745086996507133 2.6889904337855315 74.83203125 1.0361328125 4.22173400533956 23179
250 91.2 3.241570991382264 2.6568806646741585 74.83203125 1.0361328125 4.188569289182843 24020
260 89.5 3.4579079739874303 2.9134635104144984 74.83203125 1.0361328125 4.153928568518872 24932
270 84.3 3.4536894484912506 3.2901791407614343 74.83203125 1.0361328125 4.129808909553229 25827
280 90.7 3.0893250521120437 2.3844472380763713 74.83203125 1.0361328125 4.1084377544847905 26670
290 86.9 3.2192770515678952 2.745766379761248 74.83203125 1.0361328125 4.074919415976176 27577
300 91.3 3.0845892447631447 2.627686863908629 74.83203125 1.0361328125 4.0487803027556595 28446
310 87.6 3.0742262748822773 2.4574562082068776 74.83203125 1.031005859375 4.0187960922598265 29359
320 84.8 2.941836375110553 2.4888625113328544 74.83203125 1.031005859375 3.991429028921883 30235
330 80.3 3.243946346221203 2.6776318230223706 74.83203125 1.031005859375 3.962794258454682 31083
340 90 3.4526228841145845 3.1341522561517476 74.83203125 0.948974609375 3.9446911764273507 31886
350 89.3 3.139226317539195 2.5463446692689233 74.83203125 0.948974609375 3.931183537097103 32786
360 82.3 3.336549779769136 2.516034711146551 74.83203125 0.948974609375 3.9101847604984745 33679
370 88.5 2.9932639256709033 2.27900688904664 74.83203125 0.948974609375 3.8965014497008323 34502
380 90.5 3.076337512948895 2.3592632548959074 74.83203125 0.948974609375 3.8739122161188253 35387
390 84.9 3.31430042927341 2.8239455042963626 74.83203125 0.948974609375 3.854023394715519 36292
400 91.7 3.1449343349577417 2.5033597007842414 74.83203125 0.948974609375 3.841685956368131 37141
410 86 3.486501862281975 3.109782795362551 74.83203125 0.948974609375 3.8248978635405173 38058
420 89.2 3.150533222831418 2.8061935992793736 74.83203125 0.948974609375 3.817420075342708 38918
430 84.1 3.2539979841706317 2.869737678946871 74.83203125 0.948974609375 3.8024775214004802 39810
440 87.3 3.0451176349513163 2.508846954856521 74.83203125 0.948974609375 3.791130413314325 40651
450 90 3.0703382703993065 2.3326593515703418 74.83203125 0.948974609375 3.7754462510103344 41524
460 87.6 3.1092788487264578 2.4574219526347587 74.83203125 0.948974609375 3.7604878033733855 42424
470 90.6 3.100653844163907 2.6203783286363027 74.83203125 0.948974609375 3.747313229602699 43300
480 90.4 3.161021274802959 2.6163440467355867 74.83203125 0.948974609375 3.7340599743159157 44206
490 85.6 3.4506014529789724 3.0272757399012633 74.83203125 0.948974609375 3.7225763346714973 45110
500 85.2 2.8998668115463606 2.1435386138752515 74.83203125 0.948974609375 3.7175114932946363 45966
510 86.7 2.967434400230681 2.319602920919294 74.83203125 0.948974609375 3.7026318899615265 46818
520 82.7 3.1556259210625766 2.7314992720815816 74.83203125 0.948974609375 3.689264662875511 47685
530 94.8 3.108890324202267 2.7321382437140183 74.83203125 0.948974609375 3.6801675479456115 48512
540 87.8 3.0797778153473807 2.30996952122713 74.83203125 0.948974609375 3.669217875319071 49460
550 91.3 3.1872333973678795 2.404769788434472 74.83203125 0.948974609375 3.658936807881844 50338
560 89.8 3.1363819011866654 2.492350994854931 74.83203125 0.948974609375 3.650533748160097 51251
570 87.9 3.113200147539818 2.55276777802101 74.83203125 0.948974609375 3.641680110341881 52149
580 90.6 2.9972955901628033 2.456065173465691 74.83203125 0.948974609375 3.6329199480256893 53028
590 85.4 3.200857979910713 2.8773745165200904 74.83203125 0.948974609375 3.622242533626168 53934
600 89 3.182483321629214 2.7984607565883355 74.83203125 0.948974609375 3.6156742630400363 54788
610 89.5 3.3863177592527927 3.038061118629209 74.83203125 0.948974609375 3.6087498056626943 55678
620 83.4 3.5938501152203237 4.100960134399855 74.83203125 0.948974609375 3.605230871161486 56573
630 87.2 2.99764034726204 2.5568585492221105 74.83203125 0.948974609375 3.605065533302777 57407
640 91.2 3.0415191650390625 2.284940309133474 74.83203125 0.948974609375 3.595976929136138 58279
650 88.6 3.046267403975029 2.4324564078743958 74.83203125 0.948974609375 3.587433983741458 59191
660 91.2 3.2934420401589892 3.0505752976887144 74.83203125 0.948974609375 3.579452999510004 60077
670 88.5 3.188646495409604 2.739145802842527 74.83203125 0.948974609375 3.5751761299937286 60989
680 90 3.0357221137152792 2.5933134540058482 74.83203125 0.948974609375 3.569647495565585 61874
690 89 3.2074229722612344 2.751080714516164 74.83203125 0.948974609375 3.561992529438442 62774
700 87.4 3.116678547804637 2.6400706564525276 74.83203125 0.948974609375 3.557035773565614 63664
710 86.8 3.141036495085686 2.789044755945099 74.83203125 0.948974609375 3.5510722758539544 64538
720 84.9 3.191179650691992 2.9843544636544648 74.83203125 0.948974609375 3.54563070997763 65406
730 5.7 2.6036912349232457 1.3389798648979288 74.83203125 0.948974609375 3.5410887290051223 66255
740 0 0 0 74.83203125 0.948974609375 3.540282967496456 66312
750 0 0 0 74.83203125 0.948974609375 3.540282967496456 66312
760 0 0 0 74.83203125 0.948974609375 3.540282967496456 66312
770 0 0 0 74.83203125 0.948974609375 3.540282967496456 66312
780 0 0 0 74.83203125 0.948974609375 3.540282967496456 66312
781 0 0 0 74.83203125 0.948974609375 3.540282967496456 66312
