10 31.6 3.4021598719343347 3.28519930289761 37.887939453125 1.302978515625 0 0
20 30.7 2.316892940757329 1.3806618786861211 37.887939453125 1.239990234375 3.4021598719343347 316
30 32.6 2.684507405099693 2.2152865662584276 37.887939453125 1.239990234375 2.8673654130718296 623
40 124.4 4.480652247977793 4.092338440353648 43.137939453125 1.131103515625 2.804550122662012 949
50 133.9 4.856174186951551 4.15791360276965 43.137939453125 1.131103515625 3.7553349123988258 2193
60 142.3 4.241291745816496 3.7377684918137644 43.137939453125 1.096923828125 4.172668940888661 3532
70 254.5 6.060223400663067 6.191927816094157 78.14794921875 1.096923828125 4.192376357924445 4955
80 273.5 5.7225597541990485 5.068911673484798 78.14794921875 1.050048828125 4.826199121093751 7500
90 285 5.0850149054276255 3.6694045900640737 78.14794921875 1.050048828125 5.065724898479485 10235
100 36 3.55219455295139 3.655012998418379 78.14794921875 0.97900390625 5.069926390248855 13085
110 34.6 2.426620924403901 2.0763890751850416 78.14794921875 0.97900390625 5.029287977349853 13445
120 31.4 2.2270577789112274 1.6564999551391035 78.14794921875 0.97900390625 4.9639901164029085 13791
130 86.1 3.2944667696537446 3.017377826887093 78.14794921875 0.97900390625 4.903061597865341 14105
140 90.1 3.116170563523167 2.472844953941547 78.14794921875 0.97900390625 4.810518490348959 14966
150 91.9 3.1483644437738016 2.5557142607313375 78.14794921875 0.97900390625 4.714305754351603 15867
160 87.9 3.6677846029756824 3.287268277685398 78.14794921875 0.97900390625 4.628573592763315 16786
170 95.6 3.4361906809786866 2.855198110300904 78.14794921875 0.97900390625 4.580765298281383 17665
180 85.6 3.405696405428594 2.8001457298761836 78.14794921875 0.97900390625 4.5220029689681684 18621
190 91.5 3.1144424521857923 2.367890377528202 78.14794921875 0.970947265625 4.472942106495001 19477
200 89 3.170135566625701 2.5213274168067468 78.14794921875 0.970947265625 4.4119854968592165 20392
210 97 3.1304632127899485 2.6224706476745285 78.14794921875 0.970947265625 4.36005210535899 21282
220 94.7 3.0168441562994985 2.4656573439169827 78.14794921875 0.970947265625 4.306452373838588 22252
230 91.3 3.271913827183736 2.677388158705656 78.14794921875 0.970947265625 4.253809631392382 23199
240 92.6 3.3892835448164145 3.0149038068591314 78.14794921875 0.970947265625 4.2166301826016355 24112
250 93.2 3.230651069608369 2.5879580962175672 78.14794921875 0.970947265625 4.18603177272109 25038
260 95.8 3.468050962698982 3.0930321410657013 78.14794921875 0.970947265625 4.151745487957861 25970
270 91.2 3.273594638757537 2.8151910689014756 78.14794921875 0.970947265625 4.127422131035772 26928
280 89.6 3.028626578194755 2.3164698151622476 78.14794921875 0.970947265625 4.09945192008183 27840
290 86.1 3.3192341413509 2.790908928538798 78.14794921875 0.970947265625 4.066063156637689 28736
300 88.7 3.04832690732455 2.5255878415162925 78.14794921875 0.970947265625 4.044337313404864 29597
310 91.7 3.0654555126260896 2.520520791572978 78.14794921875 0.970947265625 4.015356168207605 30484
320 91.8 2.996712080014296 2.4529273325167376 78.14794921875 0.970947265625 3.987616322305619 31401
330 91.2 3.173573008754798 2.5316005197628284 78.14794921875 0.970947265625 3.959470337144462 32319
340 93.7 3.2544523745997864 2.522077220396287 78.14794921875 0.970947265625 3.937901971356753 33231
350 88.5 3.0463994085452 2.3763286316821732 78.14794921875 0.970947265625 3.9191595143162097 34168
360 78.8 3.4338382004481276 2.7958078478159374 78.14794921875 0.970947265625 3.897124518920456 35053
370 93.6 2.9316348866519757 2.2615042853692993 78.14794921875 0.970947265625 3.8869387088438345 35841
380 95.8 2.9854267415024793 2.372738895011668 78.14794921875 0.970947265625 3.8626255680881565 36777
390 90.6 3.55990176169288 3.626486089964609 78.14794921875 0.970947265625 3.8403556204038027 37735
400 95.9 2.9867288313021394 2.1918458913130583 78.14794921875 0.970947265625 3.8337799314725616 38641
410 86.7 3.4130805872440892 2.9750530491278506 78.14794921875 0.970947265625 3.813266749526515 39600
420 93.4 3.010578555774893 2.6082982567222754 78.14794921875 0.970947265625 3.8046928151429715 40467
430 89.3 3.161343052299132 2.8463459964982434 78.14794921875 0.970947265625 3.7867777232792537 41401
440 86.3 2.943355131536065 2.142035321246852 78.14794921875 0.970947265625 3.7735722293277414 42294
450 94.6 2.9820172106236793 2.166922746014839 78.14794921875 0.970947265625 3.756970580571011 43157
460 87.2 3.1055701019567086 2.5407381995649323 78.14794921875 0.970947265625 3.740347995078637 44103
470 92.6 2.9140516903178986 2.305752581176869 78.14794921875 0.970947265625 3.7280405726705808 44975
480 92.7 3.2301679856054473 2.5121453416059025 78.14794921875 0.970947265625 3.7116192810852433 45901
490 82.6 3.122764901445217 2.5434036267279705 78.14794921875 0.970947265625 3.7020885441135647 46828
500 88 3.21057683771307 2.5718683530397746 78.14794921875 0.970947265625 3.692046966725642 47654
510 88 2.996295166015626 2.3219614231319348 78.14794921875 0.970947265625 3.6833171337522406 48534
520 95.2 3.310080904920563 3.0026133820190286 78.14794921875 0.970947265625 3.6710821531473874 49414
530 95.1 3.1776111494479493 2.940859549386217 78.14794921875 0.970947265625 3.6642586375155735 50366
540 91 2.925805932348901 2.1860803824258865 78.14794921875 0.970947265625 3.655240149272841 51317
550 96 3.159250640869139 2.6241052301528374 78.14794921875 0.970947265625 3.6425305328407123 52227
560 92.9 3.1754456551903933 2.7532204289173854 78.14794921875 0.970947265625 3.633807561131597 53187
570 87.7 3.232308573706527 2.8975892398474987 78.14794921875 0.970947265625 3.625938941673038 54116
580 94.8 3.010250558330037 2.4857301742114557 78.14794921875 0.970947265625 3.6196615275893067 54993
590 85.9 3.1320451196885903 2.4457962279255137 78.14794921875 0.970947265625 3.6093341898789015 55941
600 96.7 3.07213484439633 2.6239516793334765 78.14794921875 0.970947265625 3.6021160329899318 56800
610 95.8 3.248043816871085 2.883532804962556 78.14794921875 0.970947265625 3.593244327528855 57767
620 88.5 3.2471130715925143 3.595487364566491 78.14794921875 0.970947265625 3.5876129594707855 58725
630 92.6 3.101398509213015 2.643908349520268 78.14794921875 0.970947265625 3.5825577271142635 59610
640 90.1 3.1896189563679234 2.8111094844252578 78.14794921875 0.947021484375 3.5751975871020965 60536
650 96.3 3.025423836237669 2.4180045886043158 78.14794921875 0.947021484375 3.5695429108273515 61437
660 94.5 3.242768012152777 2.7098572976324196 78.14794921875 0.947021484375 3.5611456885704627 62400
670 89.7 2.963179674435621 2.270040087638285 78.14794921875 0.947021484375 3.556396033440386 63345
680 89.2 2.9562033067369686 2.4734794111033 78.14794921875 0.947021484375 3.5481130554193516 64242
690 89.5 3.303087901536314 2.877704537541038 78.14794921875 0.947021484375 3.5400069434682253 65134
700 88.3 3.0717004795441696 2.345753649806643 78.14794921875 0.947021484375 3.5367955887221427 66029
710 96.2 3.0860829184803804 2.6507908481299727 78.14794921875 0.947021484375 3.530657990363042 66912
720 83.7 3.0541400066270885 2.7325319757048243 78.14794921875 0.947021484375 3.5243568850922298 67874
730 5.6 2.259015764508929 1.135491987640089 78.14794921875 0.947021484375 3.5186289590356257 68711
740 0 0 0 78.14794921875 0.947021484375 3.517603200475655 68767
750 0 0 0 78.14794921875 0.947021484375 3.517603200475655 68767
760 0 0 0 78.14794921875 0.947021484375 3.517603200475655 68767
770 0 0 0 78.14794921875 0.947021484375 3.517603200475655 68767
780 0 0 0 78.14794921875 0.947021484375 3.517603200475655 68767
781 0 0 0 78.14794921875 0.947021484375 3.517603200475655 68767
