0 0 0
10 90.9 909
20 98.4 1893
30 100.3 2896
40 381.1 6707
50 391.7 10624
60 422.9 14853
70 757.7 22430
80 793.3 30363
90 814.5 38508
100 107.8 39586
110 100.3 40589
120 97.9 41568
130 262.2 44190
140 265.1 46841
150 270 49541
160 255.5 52096
170 259.6 54692
180 255.2 57244
190 263.1 59875
200 268.8 62563
210 273.4 65297
220 267.3 67970
230 266.3 70633
240 276.8 73401
250 269.9 76100
260 271.8 78818
270 261.9 81437
280 264.3 84080
290 261.5 86695
300 264.4 89339
310 272.9 92068
320 266.7 94735
330 261.1 97346
340 270.3 100049
350 264.5 102694
360 260 105294
370 269.4 107988
380 271.9 110707
390 264.2 113349
400 266.6 116015
410 254.8 118563
420 269.9 121262
430 263.4 123896
440 262.1 126517
450 271.9 129236
460 262.2 131858
470 271.6 134574
480 269.6 137270
490 264.6 139916
500 258.8 142504
510 263.7 145141
520 265 147791
530 277.5 150566
540 267.4 153240
550 275.7 155997
560 273 158727
570 258 161307
580 272.1 164028
590 271.9 166747
600 276.4 169511
610 274.4 172255
620 257.6 174831
630 263.6 177467
640 271.6 180183
650 269.9 182882
660 272.1 185603
670 260.9 188212
680 270 190912
690 265.3 193565
700 264.6 196211
710 271.1 198922
720 266.1 201583
730 5.6 201639
740 0 201639
750 0 201639
760 0 201639
770 0 201639
780 0 201639
781 0 201639
