0 0 0
10 1 6
20 1 6
30 1 6
40 9 15
50 3 15
60 3 18
70 14 30
80 7 30
90 3 35
100 1 35
110 1 35
120 0 35
130 0 35
140 1 35
150 3 35
160 0 35
170 1 35
180 2 35
190 2 35
200 0 35
210 2 35
220 4 35
230 2 35
240 0 35
250 3 35
260 1 35
270 1 35
280 1 35
290 0 35
300 1 35
310 1 35
320 2 35
330 5 35
340 3 35
350 1 35
360 1 35
370 2 35
380 1 35
390 1 35
400 1 35
410 1 35
420 0 35
430 1 35
440 2 35
450 1 35
460 2 35
470 2 35
480 0 35
490 0 35
500 3 35
510 2 35
520 5 35
530 2 35
540 1 35
550 0 35
560 1 35
570 1 35
580 1 35
590 0 35
600 2 35
610 3 35
620 2 35
630 1 35
640 0 35
650 2 35
660 1 35
670 0 35
680 8 35
690 1 35
700 3 35
710 0 35
720 0 35
730 0 35
740 0 35
750 0 35
760 0 35
770 0 35
780 0 35
781 0 35
