10 28 280
20 30.8 588
30 31.1 899
40 91.3 1812
50 99.5 2807
60 96 3767
70 169.2 5459
80 173.7 7196
90 181.5 9011
100 57.8 9589
110 50 10089
120 45.7 10546
130 93.5 11481
140 101.5 12496
150 94.7 13443
160 88.9 14332
170 99.6 15328
180 104.5 16373
190 102.1 17394
200 95.5 18349
210 101.3 19362
220 96.1 20323
230 98.1 21304
240 93.6 22240
250 94.4 23184
260 96.9 24153
270 93 25083
280 94.2 26025
290 96.2 26987
300 93.8 27925
310 93.1 28856
320 92.9 29785
330 100.8 30793
340 97.8 31771
350 92.6 32697
360 93.2 33629
370 96.3 34592
380 95.9 35551
390 93.8 36489
400 94.5 37434
410 94.3 38377
420 95.9 39336
430 93.9 40275
440 92.5 41200
450 99.8 42198
460 88.7 43085
470 91.1 43996
480 86.6 44862
490 94.3 45805
500 95.2 46757
510 92.2 47679
520 90.9 48588
530 92.7 49515
540 90.3 50418
550 100.4 51422
560 91.4 52336
570 97.1 53307
580 87.4 54181
590 97.7 55158
600 94.9 56107
610 95.9 57066
620 90.9 57975
630 94.9 58924
640 96.5 59889
650 96.5 60854
660 93.9 61793
670 91.1 62704
680 94.1 63645
690 88.7 64532
700 98.3 65515
710 93.2 66447
720 94 67387
730 3.3 67420
740 0 67420
750 0 67420
760 0 67420
770 0 67420
780 0 67420
780 0 67420
