10 0 0
20 0 0
30 0 0
40 0 0
50 1 1
60 0 -1
70 3 3
80 36 33
90 5 -31
100 0 -5
110 0 0
120 1 1
130 0 -1
140 5 5
150 1 -4
160 1 0
170 0 -1
180 4 4
190 0 -4
200 0 0
210 0 0
220 7 7
230 0 -7
240 0 0
250 0 0
260 1 1
270 1 0
280 0 -1
290 0 0
300 0 0
310 0 0
320 0 0
330 0 0
340 1 1
350 1 0
360 0 -1
370 14 14
380 0 -14
390 0 0
400 7 7
410 8 1
420 0 -8
430 9 9
440 2 -7
450 2 0
460 0 -2
470 4 4
480 0 -4
490 1 1
500 1 0
510 0 -1
520 5 5
530 0 -5
540 0 0
550 1 1
560 2 1
570 1 -1
580 2 1
590 0 -2
600 1 1
610 1 0
620 0 -1
630 0 0
640 9 9
650 4 -5
660 4 0
670 0 -4
680 2 2
690 2 0
700 1 -1
710 8 7
720 1 -7
730 0 -1
740 0 0
750 0 0
760 0 0
770 0 0
780 0 0
780 0 0
