10 28 0.6964582170758928 1.0347795389736587 10.346923828125 0.3310546875 0 0
20 30.8 0.6799958464387178 0.9311994019364211 11.27587890625 0.294921875 0.6964582170758928 280
30 31.1 0.6525290142684881 1.0584536344533024 14.029052734375 0.294921875 0.6878350705516584 588
40 91.3 1.1622944191538869 1.7650527138209138 22.9609375 0.279052734375 0.6756212957974137 899
50 99.6 1.2646405936244958 1.6726378866160045 22.9609375 0.279052734375 0.9208379412855263 1812
60 95.9 1.3727594560577419 2.0861916982603934 22.9609375 0.279052734375 1.0427850359185795 2808
70 169.5 2.028407886246305 3.3136568629722656 36.720947265625 0.27490234375 1.1267896732728289 3767
80 177 2.0528065137270466 2.8496452764513682 36.720947265625 0.263916015625 1.4065851458085379 5462
90 178.2 2.047420137792858 2.9589685769051366 36.720947265625 0.263916015625 1.5647449662200092 7232
100 57.5 0.9140081521739131 1.1242761737832832 36.720947265625 0.263916015625 1.6601662171344553 9014
110 50 0.7938652343750003 1.2718032884278723 36.720947265625 0.263916015625 1.615423189983312 9589
120 45.8 0.7010439410480355 1.048738987851772 36.720947265625 0.263916015625 1.574707660416045 10089
130 93.4 1.4237742781383842 2.603991244152303 36.720947265625 0.263916015625 1.5367691012550941 10547
140 102 1.3679807176776961 1.9617225306748238 36.720947265625 0.263916015625 1.52757676915937 11481
150 94.3 1.2529296875 1.9095327984957426 36.720947265625 0.263916015625 1.5145547731181488 12501
160 88.9 1.337003040635544 2.114529656771058 36.720947265625 0.263916015625 1.496203653232853 13444
170 99.5 1.088135501727388 1.6026683124296661 36.720947265625 0.263916015625 1.4863292832754815 14333
180 104.9 1.2572315896091506 1.7703947813661955 36.720947265625 0.263916015625 1.460480978692995 15328
190 101.7 1.2312916743485756 1.742365159733713 36.720947265625 0.263916015625 1.4474621956955627 16377
200 95.5 1.284288847758507 2.003134346188705 36.720947265625 0.263916015625 1.434823043102146 17394
210 101.3 1.2268020614819823 1.8782702984831963 36.720947265625 0.263916015625 1.4269882751827403 18349
220 96.8 1.335717571668388 2.0225930066242084 36.720947265625 0.263916015625 1.416514737610234 19362
230 97.4 1.4356666893929657 2.2167803278487566 36.720947265625 0.263916015625 1.4126676320208733 20330
240 93.6 1.2193413106804225 1.829235308674772 36.720947265625 0.263916015625 1.413719128541734 21304
250 94.4 1.3821581824351161 2.2468038697957557 36.720947265625 0.263916015625 1.4055384793727508 22240
260 97 1.3594328890141738 1.908286369644079 36.720947265625 0.263916015625 1.404586486605794 23184
270 92.9 1.2290088994382422 2.041413460161397 36.720947265625 0.263916015625 1.4027731641886427 24154
280 94.2 1.221035125149283 1.7486987462951715 36.720947265625 0.263916015625 1.3963374506793687 25083
290 96.2 1.342560512360317 2.224188740553701 36.720947265625 0.263916015625 1.38999221376681 26025
300 93.8 1.091625872451358 1.539516750531634 36.720947265625 0.255126953125 1.3883014257298645 26987
310 93.1 1.2073430472106597 1.9083142759550764 36.720947265625 0.255126953125 1.378336101863249 27925
320 92.9 1.45804775800592 2.1219553092140817 36.720947265625 0.255126953125 1.3728192411104918 28856
330 100.8 1.4544164264012893 2.061855309375683 36.720947265625 0.255126953125 1.3754775352919877 29785
340 97.9 1.2866412933318427 1.9959044683166145 36.720947265625 0.255126953125 1.3780615771923603 30793
350 92.6 1.3490058783578558 2.033238534859172 36.720947265625 0.255126953125 1.3752446170419308 31772
360 93.1 1.2667748997214026 2.2946806399470128 36.720947265625 0.242919921875 1.3745015418684814 32698
370 97.7 1.175284472556295 1.9793944871644784 36.720947265625 0.242919921875 1.371519190212502 33629
380 94.5 1.1545777013062195 1.5609358460658338 36.720947265625 0.242919921875 1.3659790723384306 34606
390 93.8 1.5806996685101264 3.5559016286462835 62.444091796875 0.242919921875 1.3603597002919217 35551
400 95.2 1.3612355464646801 1.9589841966307382 62.444091796875 0.242919921875 1.3660238426413607 36489
410 94.4 1.893469083107121 2.9802309995215808 62.444091796875 0.242919921875 1.3659020922084075 37441
420 95.1 1.2011007635876727 1.9632274848993168 62.444091796875 0.242919921875 1.3788765155354463 38385
430 94.7 1.3025998011813589 2.090610140963447 62.444091796875 0.242919921875 1.3745785508185882 39336
440 91.9 1.2152972299204303 1.6308106996646428 62.444091796875 0.242919921875 1.3728864257060978 40283
450 99.8 1.3989343432959676 2.2129359942801172 62.444091796875 0.237060546875 1.3693714392751715 41202
460 88.5 1.289164018361583 2.1330379831006243 62.444091796875 0.237060546875 1.3700705809389808 42200
470 91.5 1.4030687009050542 1.9648390000605362 62.444091796875 0.237060546875 1.3684086961094346 43085
480 86.2 1.6184835411832943 2.590403721242618 62.444091796875 0.237060546875 1.3691294666637073 44000
490 94.4 1.5263658943822833 2.146389650992491 62.444091796875 0.237060546875 1.3739206755316997 44862
500 95.2 1.5088488154050683 2.3321099095208813 62.444091796875 0.237060546875 1.3770623662838926 45806
510 92.1 1.4455121068302121 2.125343732889404 62.444091796875 0.237060546875 1.3797455584555716 46758
520 91.3 1.4118569448247527 2.1257387821658873 62.444091796875 0.237060546875 1.3810159498449266 47679
530 92.3 1.3940228661633254 2.0590034205225014 62.444091796875 0.237060546875 1.3815954244172137 48592
540 90.3 1.669086713991555 2.3817915596284545 62.444091796875 0.237060546875 1.3818270820710896 49515
550 100.5 1.595537449471392 2.3068436447723357 62.444091796875 0.237060546875 1.3869719796795663 50418
560 91.5 1.4157698834528676 2.1148005370921035 62.444091796875 0.237060546875 1.3910481381522495 51423
570 97 1.712785921391753 2.622666192713143 62.444091796875 0.237060546875 1.391480336496666 52338
580 87.5 1.4517684151785712 2.179372981367195 62.444091796875 0.237060546875 1.3973268589200964 53308
590 97.5 1.5081743289262821 2.0919360399584668 62.444091796875 0.237060546875 1.3982060343390685 54183
600 95 1.66186369243421 2.406291465218992 62.444091796875 0.237060546875 1.4001498881267789 55158
610 95.9 1.7674391252281028 2.450744532791258 62.444091796875 0.237060546875 1.4045811299121227 56108
620 90.8 1.520078146510188 2.0896618250076107 62.444091796875 0.237060546875 1.4106788889936939 57067
630 94.9 1.5994197736927038 2.2621564033178347 62.444091796875 0.237060546875 1.4123922917677338 57975
640 97.4 1.6035058493486913 2.3561985945407593 62.444091796875 0.237060546875 1.4154044613479864 58924
650 96 1.3612106323242186 1.972879164625459 62.444091796875 0.237060546875 1.4184631736908473 59898
660 93.9 1.4551849852735623 1.9145432423614464 62.444091796875 0.237060546875 1.4175600477302184 60858
670 90.7 1.6605847746692393 2.6057204017641027 62.444091796875 0.237060546875 1.4181317553592812 61797
680 94.3 1.4973343882555674 2.0855616020490553 62.444091796875 0.237060546875 1.4216387866254545 62704
690 88.7 1.6211837544919678 2.276079004918066 62.444091796875 0.237060546875 1.422760299852114 63647
700 98.2 1.5033722234597764 2.182940102089702 62.444091796875 0.237060546875 1.4254875692646027 64534
710 93.9 1.248026074946753 1.915692085613444 62.444091796875 0.237060546875 1.426654959374189 65516
720 93.3 1.236798612506696 1.7453901826002216 62.444091796875 0.237060546875 1.4241309578321326 66455
730 3.2 1.2263488769531248 1.2893456765730262 62.444091796875 0.237060546875 1.4215373049831295 67388
740 0 0 0 62.444091796875 0.237060546875 1.4214446614100509 67420
750 0 0 0 62.444091796875 0.237060546875 1.4214446614100509 67420
760 0 0 0 62.444091796875 0.237060546875 1.4214446614100509 67420
770 0 0 0 62.444091796875 0.237060546875 1.4214446614100509 67420
780 0 0 0 62.444091796875 0.237060546875 1.4214446614100509 67420
780 0 0 0 62.444091796875 0.237060546875 1.4214446614100509 67420
