0 0 0
10 29.9 299
20 30.5 604
30 29.6 900
40 94.5 1845
50 98.9 2834
60 96.3 3797
70 170.8 5505
80 173.8 7243
90 179.4 9037
100 56 9597
110 49.7 10094
120 45.8 10552
130 93.3 11485
140 101.7 12502
150 94.4 13446
160 92.7 14373
170 99.4 15367
180 104.7 16414
190 100.8 17422
200 95.7 18379
210 100.1 19380
220 96.7 20347
230 98.1 21328
240 92.7 22255
250 94 23195
260 97 24165
270 92.6 25091
280 94 26031
290 96 26991
300 93.5 27926
310 92.7 28853
320 98.4 29837
330 98.3 30820
340 98.3 31803
350 92.5 32728
360 92.5 33653
370 95 34603
380 98.4 35587
390 92.5 36512
400 94 37452
410 93.8 38390
420 95.1 39341
430 93.7 40278
440 98 41258
450 97.7 42235
460 88.8 43123
470 91 44033
480 86 44893
490 94.3 45836
500 94.6 46782
510 91.2 47694
520 90.9 48603
530 92.6 49529
540 89.4 50423
550 100.8 51431
560 91.2 52343
570 96.4 53307
580 91.2 54219
590 97.8 55197
600 94.5 56142
610 96.1 57103
620 89.1 57994
630 94.4 58938
640 96.5 59903
650 96.5 60868
660 93.6 61804
670 90.6 62710
680 93.8 63648
690 93.8 64586
700 96.2 65548
710 94 66488
720 92.1 67409
730 1.1 67420
740 0 67420
750 0 67420
760 0 67420
770 0 67420
780 0 67420
780 0 67420
