10 28 16.96323329380581 42.34799161195939 410.534912109375 2.26416015625 0 0
20 30.8 10.334306196732957 20.365004457641525 410.534912109375 2.0830078125 16.96323329380581 280
30 31.1 8.88380240780748 15.165629395214964 410.534912109375 2.0830078125 13.49093814772003 588
40 91.3 32.15350188039087 55.68644821016278 410.534912109375 2.041015625 11.897145917338714 899
50 99.5 19.186270463646366 33.42120379703094 410.534912109375 2.041015625 22.103576929627135 1812
60 96 18.79325993855794 35.9136330312842 410.534912109375 2.041015625 21.069476490136267 2807
70 169.2 313.50708685980845 367.77657551682984 1631.843017578125 2.041015625 20.489394756790052 3767
80 173.7 59.78572492758727 80.5061222499157 1631.843017578125 2.02294921875 111.30931324704599 5459
90 181.5 69.15692068052677 100.70716010220917 1631.843017578125 2.02294921875 98.87233813435842 7196
100 57.8 14.819720311148357 24.874062809340728 1631.843017578125 1.96484375 92.88704430695809 9011
110 50 11.277037109374989 18.781590344375193 1631.843017578125 1.9609375 88.18134889872177 9589
120 45.7 10.46331052550601 19.80507338732784 1631.843017578125 1.9609375 84.37005383531871 10089
130 93.5 25.421799016126325 43.711675694503285 1631.843017578125 1.9609375 81.16738157165625 10546
140 101.5 30.078441059883026 59.947697846859235 1631.843017578125 1.9609375 76.62752270139926 11481
150 94.7 18.49273120916376 31.515849148307552 1631.843017578125 1.9609375 72.84652735359684 12496
160 88.9 31.47709609418938 60.32633967535482 1631.843017578125 1.9609375 69.01754238381494 13443
170 99.6 83.85076928808984 172.20810103078824 1631.843017578125 1.9609375 66.68894506651958 14332
180 104.5 41.929433079769744 98.92365597725586 1631.843017578125 1.9609375 67.80410535649114 15328
190 102.1 29.98709163236101 50.820855273365105 1631.843017578125 1.9609375 66.15266502611956 16373
200 95.5 21.535626636125645 39.323486198506686 1631.843017578125 1.9609375 64.02980366961575 17394
210 101.3 27.495958062762224 50.36415611037059 1631.843017578125 1.9609375 61.81813332970713 18349
220 96.1 21.897879355407763 36.133061305323295 1631.843017578125 1.9609375 60.02243228924565 19362
230 98.1 23.412417972731898 35.00965978944385 1631.843017578125 1.9609375 58.219662256798756 20323
240 93.6 27.986878745576256 46.33436007376152 1631.843017578125 1.9609375 56.616869042253626 21304
250 94.4 28.127973136255303 50.98454166684241 1631.843017578125 1.9609375 55.411937795954614 22240
260 96.9 22.65760348135965 37.897142719316186 1631.843017578125 1.9609375 54.30099651581502 23184
270 93 23.562910313760092 37.47627094284032 1631.843017578125 1.9609375 53.03148764112504 24153
280 94.2 25.69672654591295 52.87656866835455 1631.843017578125 1.9609375 51.93888400860702 25083
290 96.2 23.32608914127469 39.902490246343085 1631.843017578125 1.9609375 50.989023784597116 26025
300 93.8 35.890437079391006 87.6129945282648 1631.843017578125 1.9609375 50.00292888235247 26987
310 93.1 18.579763967675905 33.47998938009999 1631.843017578125 1.9609375 49.52889066171942 27925
320 92.9 18.391759242128632 25.91931565990225 1631.843017578125 1.9609375 48.53035874627187 28856
330 100.8 17.779721699063746 23.21208319972167 1631.843017578125 1.9609375 47.59032990828802 29785
340 97.8 23.383737887829128 36.7773300383253 1631.843017578125 1.9609375 46.614488221057215 30793
350 92.6 16.464763600161998 24.133045690757605 1631.843017578125 1.9609375 45.8993809274279 31771
360 93.2 21.395514885243436 35.32834045202198 1631.843017578125 1.9609375 45.06577369602905 32697
370 96.3 21.28137650692821 38.87800790732398 1631.843017578125 1.9609375 44.409771994769656 33629
380 95.9 38.409561045848555 83.91700730656581 1631.843017578125 1.9609375 43.76590506441607 34592
390 93.8 17.27460224338683 25.105005957283804 1631.843017578125 1.9609375 43.62141591041741 35551
400 94.5 19.980715474123684 30.865090607853812 1631.843017578125 1.9609375 42.94413477857837 36489
410 94.3 24.681637518226406 39.72870795631573 1631.843017578125 1.9609375 42.36443634285925 37434
420 95.9 45.63362231368936 100.84317742847655 1631.843017578125 1.9609375 41.929934446107836 38377
430 93.9 32.61933042548595 58.05050022410104 1631.843017578125 1.9609375 42.02022925658706 39336
440 92.5 27.190424408783812 50.376250074123476 1631.843017578125 1.9609375 41.801050013820976 40275
450 99.8 19.072621072222585 33.02043783544025 1631.843017578125 1.9609375 41.47302019137779 41200
460 88.7 17.006680149908366 24.630714652991 1631.843017578125 1.9609375 40.94324156867252 42198
470 91.1 28.818954585019874 61.42997146578587 1631.843017578125 1.9609375 40.45045452031593 43085
480 86.6 21.053237315964203 32.29760561120041 1631.843017578125 1.9609375 40.20960770603612 43996
490 94.3 29.77011377004908 46.547801373727374 1631.843017578125 1.9609375 39.83981998462819 44862
500 95.2 21.709191330340733 30.744861195592435 1631.843017578125 1.9609375 39.632512202500735 45805
510 92.2 17.182122815974093 21.585416470107734 1631.843017578125 1.9609375 39.26758285565863 46757
520 90.9 18.294784898411724 24.06621733377374 1631.843017578125 1.9609375 38.840501873327014 47679
530 92.7 19.38876537006134 35.40470910443622 1631.843017578125 1.9609375 38.456125963015864 48588
540 90.3 68.98085861797475 160.56323434514636 1631.843017578125 1.9609375 38.09915447418079 49515
550 100.4 44.422995031592336 73.78723282779096 1631.843017578125 1.9609375 38.65225413782961 50418
560 91.4 20.450072440850697 35.04400165530242 1631.843017578125 1.9609375 38.76492622093291 51422
570 97.1 19.178835899282305 24.24828285522554 1631.843017578125 1.9609375 38.44507418113248 52336
580 87.4 18.35584976580379 26.941288464053493 1631.843017578125 1.9609375 38.09413495417024 53307
590 97.7 20.443278161383727 28.642015003325948 1631.843017578125 1.9609375 37.775734384696946 54181
600 94.9 27.127395356543072 45.61691113885668 1631.843017578125 1.9609375 37.4687288781489 55158
610 95.9 22.65820083379497 31.78583464275823 1631.843017578125 1.9609375 37.293814419845944 56107
620 90.9 19.563231078967284 29.556766715341922 1631.843017578125 1.9609375 37.047861428064095 57066
630 94.9 19.658145498551107 28.48120121606812 1631.843017578125 1.9609375 36.77371690046894 57975
640 96.5 27.10869014127266 41.203282422440026 1631.843017578125 1.9609375 36.49806220526122 58924
650 96.5 30.839824269349094 53.18537869990744 1631.843017578125 1.9609375 36.34676991382625 59889
660 93.9 22.779127614566704 38.60482140799244 1631.843017578125 1.9609375 36.259442826914615 60854
670 91.1 65.54285860532725 137.4539691423008 1631.843017578125 1.9609375 36.054597359233895 61793
680 94.1 23.582224019909013 36.67354338457261 1631.843017578125 1.9609375 36.483019884036 62704
690 88.7 22.215573144200963 31.82459175201948 1631.843017578125 1.9609375 36.2922798587686 63645
700 98.3 32.331655477094934 60.20391051727993 1631.843017578125 1.9609375 36.098793854060524 64532
710 93.2 19.98251093917649 30.24736474970792 1631.843017578125 1.9609375 36.04227096579743 65515
720 94 17.060956979305175 23.010666633308354 1631.843017578125 1.9609375 35.817013296605275 66447
730 3.3 15.576349431818178 24.034636015865622 1631.843017578125 1.9609375 35.55537985190137 67387
740 0 0 0 1631.843017578125 1.9609375 35.545600735854755 67420
750 0 0 0 1631.843017578125 1.9609375 35.545600735854755 67420
760 0 0 0 1631.843017578125 1.9609375 35.545600735854755 67420
770 0 0 0 1631.843017578125 1.9609375 35.545600735854755 67420
780 0 0 0 1631.843017578125 1.9609375 35.545600735854755 67420
780 0 0 0 1631.843017578125 1.9609375 35.545600735854755 67420
