10 29.9 19.04433152827132 41.42085263754507 412.68310546875 4.10498046875 0 0
20 30.5 12.474256371670084 20.154959206219786 412.68310546875 4.10498046875 19.04433152827132 299
30 29.6 11.496849266258453 15.573670434262352 412.68310546875 4.10498046875 15.7266611263452 604
40 94.5 34.43070539847875 54.99369923348486 412.68310546875 3.76904296875 14.335523003472224 900
50 98.9 21.609413509542453 33.45837664437644 412.68310546875 3.76904296875 24.62817740091459 1845
60 96.3 22.01703051985979 36.16450148083122 412.68310546875 3.76904296875 23.57469910572509 2834
70 170.8 314.3456310835041 366.76456225228867 1634.400146484375 3.76904296875 23.17964120522778 3797
80 173.8 65.3989521900173 82.67875970341072 1634.400146484375 3.76904296875 113.51779029007719 5505
90 179.4 70.35007955663866 99.85184181843506 1634.400146484375 3.71484375 101.97139506463137 7243
100 56 17.299812534877255 25.267204858922735 1634.400146484375 3.71484375 95.69401982712567 9037
110 49.7 13.796799350792257 18.914921274189393 1634.400146484375 3.71484375 91.1195948939529 9597
120 45.8 12.861226843954693 19.810026345878487 1634.400146484375 3.71484375 87.31243921880422 10094
130 93.3 28.310061472149666 43.8871047755363 1634.400146484375 3.71484375 84.08095179768205 10552
140 101.7 32.90850079891843 59.94641811217562 1634.400146484375 3.71484375 79.5503257050637 11485
150 94.4 21.10672876390358 31.60707622526081 1634.400146484375 3.71484375 75.75615389818881 12502
160 92.7 33.50128127739005 59.36040767489314 1634.400146484375 3.71484375 71.9193952096 13446
170 99.4 86.35530099542568 172.42776478048805 1634.400146484375 3.71484375 69.44158322774801 14373
180 104.7 45.49772625097002 98.7609254385814 1634.400146484375 3.71484375 70.53563121766614 15367
190 100.8 32.30734446692082 51.084795721080525 1634.400146484375 3.71484375 68.93853809593281 16414
200 95.7 24.8036731811651 39.802540192881935 1634.400146484375 3.71484375 66.81913485990687 17422
210 100.1 30.068491810923486 50.47083372771614 1634.400146484375 3.580078125 64.631377265557 18379
220 96.7 24.613221414086738 36.16461208604765 1634.400146484375 3.580078125 62.84616321292087 19380
230 98.1 26.945696256211775 35.78327654455541 1634.400146484375 3.580078125 61.02912607135344 20347
240 92.7 29.856758718480314 46.14876277300843 1634.400146484375 3.580078125 59.46142892916223 21328
250 94 31.300422830784544 51.39278953568603 1634.400146484375 3.580078125 58.22828899272987 22255
260 97 25.294425287934914 37.89541716606219 1634.400146484375 3.580078125 57.137010950383306 23195
270 92.6 26.21916129522139 37.69951786619098 1634.400146484375 3.449951171875 55.85882729250725 24165
280 94 28.577315699800533 53.02014881107497 1634.400146484375 3.449951171875 54.76495575635936 25091
290 96 26.020204162597643 39.95820517826745 1634.400146484375 3.449951171875 53.81929936001787 26031
300 93.5 38.7450908150903 87.79596692519998 1634.400146484375 3.449951171875 52.83055750571372 26991
310 92.7 21.430408597121097 33.618385385358394 1634.400146484375 3.449951171875 52.358957156371424 27926
320 98.4 21.085632572329125 25.69299852887728 1634.400146484375 3.449951171875 51.36527315420787 28853
330 98.3 20.922595003735395 24.038627855939144 1634.400146484375 3.449951171875 50.36667522772167 29837
340 98.3 26.165158276640376 36.65524259237954 1634.400146484375 3.449951171875 49.427560014867076 30820
350 92.5 18.813807274070953 23.856216020003536 1634.400146484375 3.449951171875 48.708541654691096 31803
360 92.5 24.131212257179055 35.42449210831946 1634.400146484375 3.449951171875 47.86361897985384 32728
370 95 25.022136358963838 41.791438575433425 1634.400146484375 3.449951171875 47.21130042820988 33653
380 98.4 39.65821205697413 81.97963030494027 1634.400146484375 3.449951171875 46.60211319398788 34603
390 92.5 20.315597814611493 25.585129924376382 1634.400146484375 3.449951171875 46.410110532374894 35587
400 94 23.402261936918233 31.90563750364615 1634.400146484375 3.449951171875 45.74902857948458 36512
410 93.8 27.95854138209624 39.821886218522124 1634.400146484375 3.449951171875 45.18815170658027 37452
420 95.1 48.0939700089544 101.29901260955734 1634.400146484375 3.449951171875 44.76717294949858 38390
430 93.7 35.51755128777014 58.16167478534183 1634.400146484375 3.449951171875 44.84759246103978 39341
440 98 29.40119354870856 49.38276945506169 1634.400146484375 3.449951171875 44.630544728298496 40278
450 97.7 21.88102754965775 33.43327790720132 1634.400146484375 3.449951171875 44.26880241999469 41258
460 88.8 19.31007701427012 24.12573492564457 1634.400146484375 3.449951171875 43.75091782076848 42235
470 91 32.03862653459818 61.47830900720294 1634.400146484375 3.449951171875 43.24762568812069 43123
480 86 25.87013989825582 36.86789379298459 1634.400146484375 3.449951171875 43.01597694218684 44033
490 94.3 31.124718836989718 43.88566194073559 1634.400146484375 3.449951171875 42.68751994760459 44893
500 94.6 25.070187074689485 31.250385732966137 1634.400146484375 3.449951171875 42.44963441118541 45836
510 91.2 19.975309405410503 21.74202803246215 1634.400146484375 3.449951171875 42.09819673899685 46782
520 90.9 21.51927905192863 24.329453502815404 1634.400146484375 3.449951171875 41.6751650526583 47694
530 92.6 22.77187932387285 35.76737009897715 1634.400146484375 3.449951171875 41.298198602548986 48603
540 89.4 72.13913530524684 161.32222604877813 1634.400146484375 3.449951171875 40.951828361840434 49529
550 100.8 47.23699878510972 73.86381535229546 1634.400146484375 3.449951171875 41.50477944383487 50423
560 91.2 23.508275349934888 35.19979112300623 1634.400146484375 3.449951171875 41.617125637686925 51431
570 96.4 22.24542996101856 24.434912132005266 1634.400146484375 3.449951171875 41.30160548289202 52343
580 91.2 20.89724811754727 26.6684562903983 1634.400146484375 3.449951171875 40.95699495888793 53307
590 97.8 23.54541040588255 28.953817438204677 1634.400146484375 3.449951171875 40.619576542478505 54219
600 94.5 30.075273592509877 45.69521447722627 1634.400146484375 3.449951171875 40.3170504182038 55197
610 96.1 25.841592111895153 32.09884665658212 1634.400146484375 3.449951171875 40.14465757326987 56142
620 89.1 22.420309869528626 29.88908069139368 1634.400146484375 3.449951171875 39.90394787485856 57103
630 94.4 22.828841128591765 28.64583215163817 1634.400146484375 3.449951171875 39.635335234538026 57994
640 96.5 31.301110650097147 43.48329919561057 1634.400146484375 3.449951171875 39.36614845459956 58938
650 96.5 32.95374913981545 51.68968538262248 1634.400146484375 3.449951171875 39.236225721491955 59903
660 93.6 25.688839382595475 38.48246248879857 1634.400146484375 3.449951171875 39.136623469055245 60868
670 90.6 68.80350748697907 137.6893260748964 1634.400146484375 3.449951171875 38.93296147460624 61804
680 93.8 26.63779760169574 36.8744169614211 1634.400146484375 3.449951171875 39.36451489012545 62710
690 93.8 25.962685526052773 32.56095704336363 1634.400146484375 3.449951171875 39.1769573735256 63648
700 96.2 34.68580878053531 60.47182633521567 1634.400146484375 3.449951171875 38.98504291849 64586
710 94 22.64212620511968 29.980956947768615 1634.400146484375 3.449951171875 38.921946207061545 65548
720 92.1 19.812505036560115 23.532195828923214 1634.400146484375 3.449951171875 38.69178391007825 66488
730 1.1 17.138161399147727 15.2134436881985 1634.400146484375 3.449951171875 38.43383889023654 67409
740 0 0 0 1634.400146484375 3.449951171875 38.43036436557913 67420
750 0 0 0 1634.400146484375 3.449951171875 38.43036436557913 67420
760 0 0 0 1634.400146484375 3.449951171875 38.43036436557913 67420
770 0 0 0 1634.400146484375 3.449951171875 38.43036436557913 67420
780 0 0 0 1634.400146484375 3.449951171875 38.43036436557913 67420
780 0 0 0 1634.400146484375 3.449951171875 38.43036436557913 67420
