10 34.9609375 34.9609375
20 38.2640625 73.225
30 37.27890625 110.50390625
40 112.21328125 222.7171875
50 117.11328125 339.83046875
60 112.8203125 452.65078125
70 211.70390625 664.3546875
80 217.7734375 882.128125
90 216.36953125 1098.49765625
100 71.0578125 1169.55546875
110 60.84140625 1230.396875
120 55.51796875 1285.91484375
130 114.92421875 1400.8390625
140 125.403125 1526.2421875
150 111.54765625 1637.78984375
160 107.178125 1744.96796875
170 122.01328125 1866.98125
180 127.578125 1994.559375
190 123.92734375 2118.48671875
200 115.2640625 2233.75078125
210 122.15 2355.90078125
220 119.56640625 2475.4671875
230 119.35859375 2594.82578125
240 113.5734375 2708.39921875
250 115.11875 2823.51796875
260 119.07421875 2942.5921875
270 114.21796875 3056.81015625
280 114.83125 3171.64140625
290 117.45234375 3289.09375
300 110.99375 3400.0875
310 111.72890625 3511.81640625
320 112.65703125 3624.4734375
330 121.9421875 3746.415625
340 120.996875 3867.4125
350 112.34296875 3979.75546875
360 111.81796875 4091.5734375
370 118.90625 4210.4796875
380 116.478125 4326.9578125
390 111.78203125 4438.73984375
400 116.96796875 4555.7078125
410 114.32421875 4670.03203125
420 113.3203125 4783.35234375
430 117.29140625 4900.64375
440 113.48515625 5014.12890625
450 119.52890625 5133.6578125
460 107.77109375 5241.42890625
470 112.12109375 5353.55
480 104.91875 5458.46875
490 114.9390625 5573.4078125
500 115.12890625 5688.53671875
510 110.15859375 5798.6953125
520 112.38671875 5911.08203125
530 113.39765625 6024.4796875
540 110.81015625 6135.28984375
550 122.60859375 6257.8984375
560 110.815625 6368.7140625
570 115.45234375 6484.16640625
580 104.7984375 6588.96484375
590 116.6 6705.56484375
600 115.6015625 6821.16640625
610 116.5859375 6937.75234375
620 110.3890625 7048.14140625
630 114.00703125 7162.1484375
640 118.66015625 7280.80859375
650 117.17890625 7397.9875
660 114.2890625 7512.2765625
670 111.89609375 7624.17265625
680 113.246875 7737.41953125
690 106.953125 7844.37265625
700 121.51875 7965.89140625
710 112.22265625 8078.1140625
720 110.053125 8188.1671875
730 3.69140625 8191.85859375
740 0 8191.85859375
750 0 8191.85859375
760 0 8191.85859375
770 0 8191.85859375
780 0 8191.85859375
780 0 8191.85859375
