10 105.3203125 105.3203125
20 118.5765625 223.896875
30 116.034375 339.93125
40 341.1109375 681.0421875
50 365.81640625 1046.85859375
60 355.68515625 1402.54375
70 645.28046875 2047.82421875
80 650.9828125 2698.80703125
90 677.26171875 3376.06875
100 220.153125 3596.221875
110 187.93046875 3784.15234375
120 172.7734375 3956.92578125
130 354.003125 4310.92890625
140 383.70546875 4694.634375
150 349.53046875 5044.16484375
160 328.2625 5372.42734375
170 372.72890625 5745.15625
180 392.46015625 6137.61640625
190 379.3640625 6516.98046875
200 356.28984375 6873.2703125
210 376.81484375 7250.08515625
220 361.8546875 7611.93984375
230 368.846875 7980.78671875
240 346.5515625 8327.33828125
250 353.80625 8681.14453125
260 369.35703125 9050.5015625
270 347.6734375 9398.175
280 354.3453125 9752.5203125
290 359.10859375 10111.62890625
300 343.5359375 10455.16484375
310 349.1375 10804.30234375
320 348.6859375 11152.98828125
330 376.6765625 11529.66484375
340 368.9125 11898.57734375
350 347.7609375 12246.33828125
360 345.153125 12591.49140625
370 362.8015625 12954.29296875
380 358.43125 13312.72421875
390 348.24140625 13660.965625
400 357.746875 14018.7125
410 352.58984375 14371.30234375
420 354.9640625 14726.26640625
430 353.4203125 15079.68671875
440 352.98359375 15432.6703125
450 368.72265625 15801.39296875
460 333.01171875 16134.4046875
470 340.41171875 16474.81640625
480 328.02265625 16802.8390625
490 352.8375 17155.6765625
500 351.65 17507.3265625
510 342.64765625 17849.97421875
520 343.92265625 18193.896875
530 354.92109375 18548.81796875
540 342.815625 18891.63359375
550 373.04921875 19264.6828125
560 342.32734375 19607.01015625
570 357.178125 19964.18828125
580 325.1234375 20289.31171875
590 360.01875 20649.33046875
600 353.2015625 21002.53203125
610 360.4125 21362.94453125
620 341.44609375 21704.390625
630 353.2015625 22057.5921875
640 358.05234375 22415.64453125
650 362.7578125 22778.40234375
660 352.4296875 23130.83203125
670 342.1453125 23472.97734375
680 346.19453125 23819.171875
690 330.53515625 24149.70703125
700 373.75625 24523.46328125
710 343.91484375 24867.378125
720 342.996875 25210.375
730 11.41328125 25221.78828125
740 0 25221.78828125
750 0 25221.78828125
760 0 25221.78828125
770 0 25221.78828125
780 0 25221.78828125
780 0 25221.78828125
