10 17 15.07489229090073 42.332404043110834 410.876953125 3.708984375 0 0
20 19.8 9.6838132299558 15.130128935492616 410.876953125 3.66796875 15.07489229090073 170
30 18.5 8.100128008868245 10.358546827736223 410.876953125 3.66796875 12.174257361370579 368
40 54.5 37.63819300100351 57.46137452469545 410.876953125 3.60693359375 10.81130269552441 553
50 57 22.549888637609637 32.612847501891885 410.876953125 3.60693359375 24.127017828936168 1098
60 56.1 23.091789476799235 39.36628445614182 410.876953125 3.49609375 23.588070803123145 1668
70 106.3 335.80705012898363 373.5836281075016 1471.984130859375 3.49609375 23.46316554333503 2229
80 104.5 76.04435696396528 84.90450127210086 1471.984130859375 3.49609375 124.32025828772885 3292
90 108 85.64478465892651 106.36505233162933 1471.984130859375 3.49609375 112.68818153344411 4337
100 36.2 15.243842530645725 22.36497203741977 1471.984130859375 3.49609375 107.29647604618566 5417
110 30.3 11.234291202557756 15.908145662408126 1471.984130859375 3.49609375 101.53024428764172 5779
120 28.1 10.561054270462634 17.73544656051838 1471.984130859375 3.455078125 97.03177770020659 6082
130 57.7 29.282557442861798 43.92785371478205 1471.984130859375 3.37890625 93.21309574456333 6363
140 62.4 34.58364476913063 60.167648494954875 1471.984130859375 3.37890625 87.8978334102576 6940
150 54.8 21.138359571025315 30.95318416277857 1471.984130859375 3.37890625 83.49962429972571 7564
160 51.5 37.599440609830104 59.17413310086862 1471.984130859375 3.37890625 79.28685641617938 8112
170 59.7 92.14559246427449 178.68669065554656 1471.984130859375 3.37890625 76.79827183981797 8627
180 63.2 49.287781920614165 109.41270586998628 1471.984130859375 3.37890625 77.79158823322652 9224
190 60.1 35.811827699277245 53.12073603028868 1471.984130859375 3.37890625 75.96382792584309 9856
200 56.8 25.14556368975572 38.77163336731285 1471.984130859375 3.37890625 73.65615343639429 10457
210 59.8 34.08537124072429 52.43994279199956 1471.984130859375 3.37890625 71.1569230530754 11025
220 58.5 24.705596454326916 36.1429920387814 1471.984130859375 3.37890625 69.24960239715301 11623
230 59.5 26.496286190257354 34.10050180685901 1471.984130859375 3.37890625 67.11508048721254 12208
240 54.6 33.43352623125572 46.34887396500698 1471.984130859375 3.37890625 65.22738365001123 12803
250 56.8 31.8382181516835 48.194329108710576 1471.984130859375 3.37890625 63.926953194498424 13349
260 60.8 25.86403816624693 35.430314757288755 1471.984130859375 3.37890625 62.61730301814441 13917
270 55.6 25.75441956005508 32.35295583285046 1471.984130859375 3.37890625 61.07885310214071 14525
280 57.2 30.69447465376423 58.07678541467702 1471.984130859375 3.37890625 59.776526661626185 15081
290 57.3 25.6037401662031 36.743604475186544 1471.984130859375 3.37890625 58.71379531629321 15653
300 53.2 40.92878803453947 93.01003075644127 1471.984130859375 3.37890625 57.54455695804092 16226
310 56.1 21.898714714934275 35.31678252376564 1471.984130859375 3.37890625 57.01707223031072 16758
320 56.1 20.44703715115308 24.500647892490328 1471.984130859375 3.37890625 55.879512407796355 17319
330 60.2 19.73238172562811 20.532907110095636 1471.984130859375 3.37890625 54.767788771388254 17880
340 59.8 26.493886686089038 34.48807790276452 1471.984130859375 3.37890625 53.626607349380485 18482
350 56 17.631543404715412 21.46403941695774 1471.984130859375 3.37890625 52.776221240541474 19080
360 54.4 23.7096014583812 31.772303608544185 1471.984130859375 3.37890625 51.7741326668112 19640
370 58.7 25.318777782953585 40.8175386101816 1471.984130859375 3.37890625 51.01773626484003 20184
380 57.3 44.44978713323519 88.0209759554949 1471.984130859375 3.37890625 50.2914694202554 20771
390 55.1 19.863048186535856 23.922218245315833 1471.984130859375 3.37890625 50.13464389783868 21344
400 58.3 21.416214120122216 27.588395269693397 1471.984130859375 3.37890625 49.37284215146152 21895
410 56.4 29.31300213320036 42.83977789404621 1471.984130859375 3.37890625 48.64774587322187 22478
420 55.9 53.85995412427331 105.26950272668347 1471.984130859375 3.37890625 48.17448854011832 23042
430 57 38.03832065515351 57.86771340572375 1471.984130859375 3.37890625 48.30915127735583 23601
440 58.3 32.12858673148049 52.89549930108781 1471.984130859375 3.37890625 48.06694477143323 24171
450 57.9 22.39713836828045 34.91290064039799 1471.984130859375 3.37890625 47.69156856002123 24754
460 53.6 18.7943115234375 22.543965309511076 1471.984130859375 3.37890625 47.11345009473809 25333
470 54.4 31.90780594769645 55.58989668631152 1471.984130859375 3.37890625 46.52668376151233 25869
480 53.5 24.094145188376164 32.28147530525152 1471.984130859375 3.37890625 46.225594542918614 26413
490 56.5 35.00652136338498 47.06676791049252 1471.984130859375 3.37890625 45.786217765247535 26948
500 55.2 24.86821979025136 28.565468064973228 1471.984130859375 3.37890625 45.56484865002737 27513
510 54.3 19.48914361043968 18.910400754133075 1471.984130859375 3.37890625 45.15777438918303 28065
520 55.9 20.052401138332954 22.994688222135025 1471.984130859375 3.37890625 44.67056568837006 28608
530 58.9 20.926091710658948 34.39496244460138 1471.984130859375 3.37890625 44.1987463725861 29167
540 56.1 75.04406194295899 173.15007803772542 1471.984130859375 3.37890625 43.73807983152295 29756
550 59.1 55.47439910837032 76.00992026386999 1471.984130859375 3.37890625 44.31738042078032 30317
560 54.9 23.83435747879669 37.084750246383955 1471.984130859375 3.37890625 44.53071671055532 30908
570 55.7 21.834709783858834 22.481454180077726 1471.984130859375 3.37890625 44.16951566728242 31457
580 51.6 21.173128822977226 26.49461763036412 1471.984130859375 3.37890625 43.78092046277605 32014
590 56.3 22.756583557670957 26.54717966908939 1471.984130859375 3.37890625 43.422309319642444 32530
600 56.1 31.38662518451983 43.36384249435195 1471.984130859375 3.37890625 43.07073032698569 33093
610 58.1 26.681022919804217 32.19781286390785 1471.984130859375 3.37890625 42.87596052295279 33654
620 55 22.334181906960225 30.801171083134456 1471.984130859375 3.37890625 42.601117270508524 34235
630 56.1 22.630605225044583 27.58720099465283 1471.984130859375 3.37890625 42.28066838593323 34785
640 56.6 32.83726690177779 43.81698011710976 1471.984130859375 3.37890625 41.968789094549244 35346
650 58.5 35.635739266159206 53.19876283442758 1471.984130859375 3.37890625 41.82486946988037 35912
660 56.7 25.98012686700838 38.288647958688045 1471.984130859375 3.37890625 41.7256656676726 36497
670 55.1 72.34886942065565 139.28418607284823 1471.984130859375 3.37890625 41.48479256978849 37064
680 54 27.67482684100116 36.26402406183538 1471.984130859375 3.37890625 41.93690226923892 37615
690 52.6 26.2686730446471 32.336077393345704 1471.984130859375 3.37890625 41.73505399951678 38155
700 61.3 39.62795278726549 68.0615887804997 1471.984130859375 3.37890625 41.52473584894514 38681
710 53.9 23.804894951588594 29.56982183704291 1471.984130859375 3.37890625 41.49514537668959 39294
720 52.8 19.872559056137543 23.18345474713402 1471.984130859375 3.37890625 41.255769859426785 39833
730 1.6 11.144454956054688 5.425820340014199 1471.984130859375 3.37890625 40.97603607423473 40361
740 0 0 0 1471.984130859375 3.37890625 40.96421485676213 40377
750 0 0 0 1471.984130859375 3.37890625 40.96421485676213 40377
760 0 0 0 1471.984130859375 3.37890625 40.96421485676213 40377
770 0 0 0 1471.984130859375 3.37890625 40.96421485676213 40377
780 0 0 0 1471.984130859375 3.37890625 40.96421485676213 40377
780 0 0 0 1471.984130859375 3.37890625 40.96421485676213 40377
