10 9 8.199020724826386 18.543164056467496 119.9150390625 2.574951171875 0 0
20 9.7 4.265287733569588 2.5951765263437214 119.9150390625 2.47900390625 8.199020724826386 90
30 11.3 4.7785925400995595 3.2709263452749644 119.9150390625 2.402099609375 6.158528210645052 187
40 31 8.110952463457654 13.13392983212765 119.9150390625 2.169921875 5.63875244140625 300
50 38.6 7.561296374068979 5.39356423035056 119.9150390625 2.169921875 6.895116387038931 610
60 36.8 7.091908993928327 5.488938707653394 119.9150390625 2.169921875 7.153294574783508 996
70 53.2 240.56141651124872 321.9688347143467 908.94091796875 2.169921875 7.13673306909824 1364
80 59 17.283235401218203 22.805966830253432 908.94091796875 2.169921875 72.63353243155818 1896
90 63.1 24.410179077728845 43.34749811247265 908.94091796875 2.169921875 59.49729942757565 2486
100 19 5.403821443256579 3.962812875993903 908.94091796875 2.169921875 52.39432447064484 3117
110 17.3 4.852245529263006 3.482251348971859 908.94091796875 2.169921875 49.69453748086445 3307
120 15.8 4.459101809731015 2.5451942823207587 908.94091796875 2.169921875 47.46530859936242 3480
130 31.1 7.565542730104505 6.00965431240549 908.94091796875 2.169921875 45.59752941498591 3638
140 34 8.698043284696695 11.588476449245412 908.94091796875 2.169921875 42.60235396322644 3949
150 35.9 6.839798186150766 4.933655009080735 908.94091796875 2.169921875 39.914672538488716 4289
160 32.2 7.127132060364904 6.326486683336695 908.94091796875 2.169921875 37.36005121910633 4648
170 34 54.2293586282169 135.58509752262057 908.94091796875 2.169921875 35.40129871023012 4970
180 36.3 18.50950668797348 50.97264738554663 908.94091796875 2.169921875 36.606861868820616 5310
190 35.7 7.00049717152486 5.517195999501366 908.94091796875 2.169921875 35.44886082340417 5673
200 34.1 6.7127187958211145 4.95093329371261 908.94091796875 2.169921875 33.7646044678949 6030
210 36.4 6.762936099544987 4.835261814522913 908.94091796875 2.10498046875 32.316685300703384 6371
220 32 6.990872955322263 5.029404677073111 908.94091796875 2.10498046875 30.935606650484875 6735
230 33.1 7.894843986027201 7.644125757901979 908.94091796875 2.10498046875 29.84952376140592 7055
240 33.3 6.789596970016889 4.5529626773825145 908.94091796875 2.10498046875 28.86563545844757 7386
250 32.6 7.263709319881136 5.0995567345238735 908.94091796875 2.10498046875 27.91326846574807 7719
260 32.1 6.944928415839175 4.695315002368638 908.94091796875 2.10498046875 27.07650572099324 8045
270 31.5 6.13477337549603 4.70218267242867 908.94091796875 2.10498046875 26.30406532953323 8366
280 32.4 7.320613908179014 9.7066095071007 908.94091796875 2.10498046875 25.572199534633828 8681
290 33.3 6.980023724896773 5.236500598906481 908.94091796875 2.10498046875 24.91550728111119 9005
300 36 18.981035698784716 64.52477189295355 908.94091796875 2.10498046875 24.275914646262247 9338
310 33.5 6.650647883628731 4.755320412411884 908.94091796875 2.10498046875 24.079363148933737 9698
320 32.5 7.460276442307692 5.508019228408494 908.94091796875 2.10498046875 23.49742159467507 10033
330 35.7 7.855754606530117 6.248682729972891 908.94091796875 2.10498046875 22.99422868344516 10358
340 32.3 7.091700881627319 4.939000540131366 908.94091796875 2.10498046875 22.489848352557743 10715
350 32.3 7.217047062451625 5.4858618838405 908.94091796875 2.10498046875 22.039259329808104 11038
360 34 6.9709005916819855 5.609175385437843 908.94091796875 2.10498046875 21.61785500251683 11361
370 33.5 6.541515566697757 6.61471418521586 908.94091796875 2.10498046875 21.19225338729729 11701
380 32 8.653874206542966 15.451479649645226 908.94091796875 2.10498046875 20.784476952443445 12036
390 34.8 7.467052240481322 6.571405615154424 908.94091796875 2.10498046875 20.470314369189303 12356
400 31.7 7.62290439545544 7.447408784999182 908.94091796875 2.10498046875 20.114116697527592 12704
410 33.3 9.553452866929424 8.103622665103213 908.94091796875 2.10498046875 19.810014531813987 13021
420 35.5 20.79531525088025 63.29380901167487 908.94091796875 2.10498046875 19.554253334089967 13354
430 31.1 6.752388025020096 5.30798417627715 908.94091796875 2.10498046875 19.586391125355597 13709
440 29.9 7.196979841659699 5.937467126570672 908.94091796875 2.10498046875 19.30169961578325 14020
450 36.8 7.166441544242527 5.183979028542005 908.94091796875 2.10498046875 19.04893676834537 14319
460 30.6 6.125241747089462 3.9046974994215646 908.94091796875 2.10498046875 18.75120692273566 14687
470 31.3 8.187492199980037 6.496064359701008 908.94091796875 2.10498046875 18.493516977844862 14993
480 29.5 8.10450460143009 6.216881992978777 908.94091796875 2.10498046875 18.282763955796536 15306
490 32.8 8.236953363185982 5.658537917620682 908.94091796875 2.10498046875 18.090302798849024 15601
500 34.2 7.781352082191155 5.055179830793737 908.94091796875 2.10498046875 17.88740879326817 15929
510 33.9 7.615855169155605 4.99486235832282 908.94091796875 2.10498046875 17.674989679803208 16271
520 30.2 8.5151836066846 6.867203273353157 908.94091796875 2.10498046875 17.469688861072953 16610
530 30.4 8.267918636924335 5.377654701047658 908.94091796875 2.10498046875 17.309786981530305 16912
540 30.1 48.01716446480481 122.20669848581386 908.94091796875 2.10498046875 17.150125737527038 17216
550 35 8.413692801339288 7.681103014705602 908.94091796875 2.10498046875 17.68052356003721 17517
560 32.2 7.943761221370347 5.3735615199300915 908.94091796875 2.10498046875 17.498993881549254 17867
570 36.6 8.978184100708678 7.476817102372762 908.94091796875 2.10498046875 17.329837527897176 18189
580 31.9 7.443298913842083 5.059379010993396 908.94091796875 2.10498046875 17.165099982526606 18555
590 36.3 8.129081789127065 5.810304533591278 908.94091796875 2.10498046875 17.000786400831664 18874
600 33.3 7.759827210022521 5.157511299899019 908.94091796875 2.10498046875 16.833378344791285 19237
610 33.3 8.546546546546546 6.371415934120495 908.94091796875 2.10498046875 16.678984245257407 19570
620 31.5 8.35634300595239 5.803410415136419 908.94091796875 2.10498046875 16.542919242309573 19903
630 34.4 7.6037576364916415 5.216720155769477 908.94091796875 2.10498046875 16.415370943048888 20218
640 34.2 8.594361779285462 7.4811991785405345 908.94091796875 2.10498046875 16.26795362092771 20562
650 32.9 8.021695122530396 5.385060604746922 908.94091796875 2.10498046875 16.1424097819571 20904
660 32.5 8.720945012019229 5.990420106994678 908.94091796875 2.10498046875 16.016581348718677 21233
670 30.3 30.32832401892531 93.33003715372735 908.94091796875 2.10498046875 15.906595180733367 21558
680 34.7 7.68474128129503 5.17354374443047 908.94091796875 2.10498046875 16.106484656876827 21861
690 31.8 8.189850813187896 5.676417249351557 908.94091796875 2.10498046875 15.974894916633362 22208
700 31.9 8.880420840272334 8.150858776427752 908.94091796875 2.10498046875 15.864993290739033 22526
710 34.8 6.545684463676363 5.324287251552343 908.94091796875 2.10498046875 15.767463038530721 22845
720 36.3 7.3622919087895955 6.806459768311234 908.94091796875 2.10498046875 15.629094610813336 23193
730 1.4 6.380824497767857 3.512696464962464 908.94091796875 2.10498046875 15.501702465252349 23556
740 0 0 0 908.94091796875 2.10498046875 15.49628488818214 23570
750 0 0 0 908.94091796875 2.10498046875 15.49628488818214 23570
760 0 0 0 908.94091796875 2.10498046875 15.49628488818214 23570
770 0 0 0 908.94091796875 2.10498046875 15.49628488818214 23570
780 0 0 0 908.94091796875 2.10498046875 15.49628488818214 23570
780 0 0 0 908.94091796875 2.10498046875 15.49628488818214 23570
