10 2 79.41180419921875 63.7542337141631 325.4541015625 35.39208984375 0 0
20 1.3 76.43113356370192 40.83025851698682 325.4541015625 35.39208984375 79.41180419921875 20
30 1.3 65.927001953125 22.21470940760797 325.4541015625 35.39208984375 78.2376006155303 33
40 5.8 117.14261600889009 79.89323888004924 390.087890625 35.39208984375 74.75851838485055 46
50 3.9 98.19961313100961 70.45611501013062 390.087890625 35.39208984375 98.39580359825722 104
60 3.1 95.90147744455645 61.028395713660416 390.087890625 35.39208984375 98.34229710718968 143
70 9.7 482.3559973018684 445.39929186858825 1632.485107421875 35.39208984375 97.90743843166308 174
80 10.2 150.57765826056982 111.40508821359184 1632.485107421875 35.39208984375 235.51448717856314 271
90 10.2 182.82808909696692 144.37422774599224 1632.485107421875 35.39208984375 212.28779401600198 373
100 2.8 82.36370849609375 32.77890709509306 1632.485107421875 35.39208984375 205.9617100123355 475
110 2.4 67.92277018229167 24.14670268051829 1632.485107421875 34.120849609375 199.08150316848904 503
120 1.8 72.80986870659723 28.449886660348657 1632.485107421875 34.120849609375 193.1084299395161 527
130 4.7 107.35440907579788 72.1821549824736 1632.485107421875 34.120849609375 189.13526644925457 545
140 5.1 127.73891793045343 116.4706905882491 1632.485107421875 34.120849609375 182.64252946183487 592
150 4 98.70629272460937 50.057121198385246 1632.485107421875 34.120849609375 178.28781066230073 643
160 5.2 130.48571307842548 116.58481153451918 1632.485107421875 32.14990234375 173.62710682993227 683
170 5.9 179.56604210805085 238.25251934077494 1632.485107421875 32.14990234375 170.57492659173045 735
180 5 130.49056152343755 148.2223291091524 1632.485107421875 32.14990234375 171.24303215276686 794
190 6.3 113.76462131076389 67.05061460635504 1632.485107421875 32.14990234375 168.82878626240372 844
200 4.6 98.5621974779212 75.78832742657134 1632.485107421875 32.14990234375 165.00404272111012 907
210 5.1 108.82027420343137 88.74343729702099 1632.485107421875 32.14990234375 161.79698618261412 953
220 5.6 86.70339529854907 55.718277648627236 1632.485107421875 32.14990234375 159.10593806414965 1004
230 5.5 93.5997647372159 50.58592975516217 1632.485107421875 32.14990234375 155.28089806898586 1060
240 5.7 108.49807257401316 72.54175119846222 1632.485107421875 32.14990234375 152.23833095396583 1115
250 5 132.25644531249998 93.66828599907663 1632.485107421875 32.14990234375 150.11103169828553 1172
260 4 112.9237060546875 72.78006693976714 1632.485107421875 32.14990234375 149.38048397382624 1222
270 5.9 104.16510113215043 63.61042506158103 1632.485107421875 32.14990234375 148.22496010951124 1262
280 4.6 104.2235691236413 77.14023144310876 1632.485107421875 32.14990234375 146.25710872445123 1321
290 5.6 106.11131504603794 70.17958828475989 1632.485107421875 32.14990234375 144.84266627994703 1367
300 4.6 120.15641452955163 120.15040326474767 1632.485107421875 32.14990234375 143.31845287931532 1423
310 3.5 93.36047014508928 50.44039422533439 1632.485107421875 32.14990234375 142.5931610045099 1469
320 4.3 85.54159474927323 32.70764459994258 1632.485107421875 32.14990234375 141.44745343796754 1504
330 4.9 77.22729990433673 37.357050350440204 1632.485107421875 32.14990234375 139.89350907881186 1547
340 5.7 92.7540947094298 64.81851389100068 1632.485107421875 32.14990234375 137.96954651643762 1596
350 4.3 82.34946743277617 37.159825474102604 1632.485107421875 32.14990234375 136.41039300585115 1653
360 4.8 107.6815694173177 60.66090060222799 1632.485107421875 32.14990234375 135.03974453908097 1696
370 4.1 95.81928830030488 61.648902616944525 1632.485107421875 32.14990234375 134.2867672421517 1744
380 6.6 137.5900213068182 139.7034723664583 1632.485107421875 32.14990234375 133.40320049894962 1785
390 3.9 81.90675706129808 41.53437362145561 1632.485107421875 32.14990234375 133.55248746454623 1851
400 4.5 99.32451714409723 49.14465437468262 1632.485107421875 32.14990234375 132.4867819165427 1890
410 4.6 91.58085300611413 56.5258675553826 1632.485107421875 32.14990234375 131.71556645671836 1935
420 4.5 151.04153103298611 176.29534298410871 1632.485107421875 32.14990234375 130.78361450380174 1981
430 5.7 124.82344777960522 94.25126137476745 1632.485107421875 32.14990234375 131.23356822730287 2026
440 4.4 113.5298905806108 80.98314991255315 1632.485107421875 32.14990234375 131.05815926642012 2083
450 5.1 77.75229300704653 52.426542236497895 1632.485107421875 32.14990234375 130.69556226492713 2127
460 4.5 80.20705295138887 31.991137173287747 1632.485107421875 32.14990234375 129.4558438387784 2178
470 5.4 126.81683575665505 141.91178152316203 1632.485107421875 32.14990234375 128.45890475198914 2223
480 3.6 96.66680230034723 46.51370654597687 1632.485107421875 32.14990234375 128.41996240427372 2277
490 5 123.650087890625 60.20457700439318 1632.485107421875 32.14990234375 127.9257497956523 2313
500 5.8 84.17712823275862 50.76216766205571 1632.485107421875 32.14990234375 127.83527874391663 2363
510 4 80.64467163085939 29.738450943810175 1632.485107421875 32.14990234375 126.78935857471086 2421
520 4.7 73.27235704787235 32.60644717020669 1632.485107421875 32.14990234375 126.039343346042 2461
530 3.5 104.88503069196429 68.06574153135377 1632.485107421875 32.14990234375 125.05048833965685 2508
540 4.1 154.87129620807926 191.68016081284304 1632.485107421875 32.14990234375 124.77294566656632 2543
550 6.3 150.01895771329362 113.69253801565235 1632.485107421875 32.14990234375 125.25051237407483 2584
560 4.3 83.49466297238374 56.05963609869702 1632.485107421875 32.14990234375 125.84001447319488 2647
570 4.8 78.66159057617189 35.345039827464184 1632.485107421875 32.14990234375 125.1631185198362 2690
580 3.9 83.79931014623398 39.34254413666842 1632.485107421875 32.14990234375 124.34789816143741 2738
590 5.1 93.45801738664215 36.47369887325718 1632.485107421875 32.14990234375 123.77843653644895 2777
600 5.5 111.60075905539773 83.98152583605732 1632.485107421875 32.14990234375 123.23163972717026 2828
610 4.5 88.76180555555555 44.21614228313884 1632.485107421875 32.14990234375 123.00975334598834 2883
620 4.4 76.78744229403407 41.30628393235456 1632.485107421875 32.14990234375 122.48340168937308 2928
630 4.4 89.00643643465911 40.164611513591375 1632.485107421875 32.14990234375 121.80688008325097 2972
640 5.7 91.31176329495614 54.1163529149026 1632.485107421875 32.14990234375 121.32835902206462 3016
650 5.1 133.90370327818633 82.06853815647382 1632.485107421875 32.14990234375 120.77159170789436 3073
660 4.7 92.93112117686171 74.078450546875 1632.485107421875 32.14990234375 120.98597637181398 3124
670 5.7 196.5516336006031 209.5636688454935 1632.485107421875 32.14990234375 120.57015228030885 3171
680 5.4 94.50759096498842 57.66458664696567 1632.485107421875 32.14990234375 121.91183271254454 3228
690 4.3 89.16150186228198 42.627447306405536 1632.485107421875 32.14990234375 121.46094025234709 3282
700 5.1 102.90719305300244 69.31778153486712 1632.485107421875 32.14990234375 121.04323322955827 3325
710 4.5 88.71388888888887 45.10801753657115 1632.485107421875 32.14990234375 120.76925868897642 3376
720 4.9 68.47565569196426 25.65003194846237 1632.485107421875 32.14990234375 120.34760079917696 3421
730 0.3 87.70166015625 21.388413506512208 1632.485107421875 32.14990234375 119.61511511898865 3470
740 0 0 0 1632.485107421875 32.14990234375 119.58754806892006 3473
750 0 0 0 1632.485107421875 32.14990234375 119.58754806892006 3473
760 0 0 0 1632.485107421875 32.14990234375 119.58754806892006 3473
770 0 0 0 1632.485107421875 32.14990234375 119.58754806892006 3473
780 0 0 0 1632.485107421875 32.14990234375 119.58754806892006 3473
780 0 0 0 1632.485107421875 32.14990234375 119.58754806892006 3473
