0 0 0
10 29.9 299
20 30.5 604
30 29.6 900
40 94.8 1848
50 98.8 2836
60 97.2 3808
70 170.1 5509
80 177.2 7281
90 176.4 9045
100 55.2 9597
110 49.7 10094
120 45.8 10552
130 93.7 11489
140 101.4 12503
150 94.3 13446
160 92.7 14373
170 99.7 15370
180 104.7 16417
190 100.9 17426
200 95.3 18379
210 100.6 19385
220 96.2 20347
230 98.7 21334
240 92.4 22258
250 94.1 23199
260 97.1 24170
270 92.1 25091
280 94.4 26035
290 95.7 26992
300 93.4 27926
310 92.8 28854
320 98.4 29838
330 98.3 30821
340 98.6 31807
350 92.2 32729
360 92.5 33654
370 97.9 34633
380 95.5 35588
390 92.6 36514
400 95 37464
410 93.1 38395
420 95 39345
430 93.8 40283
440 97.6 41259
450 97.6 42235
460 89 43125
470 90.9 44034
480 85.9 44893
490 94.3 45836
500 94.8 46784
510 91.1 47695
520 91 48605
530 92.8 49533
540 89.6 50429
550 100.4 51433
560 91.2 52345
570 96.3 53308
580 91.3 54221
590 97.6 55197
600 94.7 56144
610 96.2 57106
620 88.8 57994
630 94.9 58943
640 97.3 59916
650 95.3 60869
660 94.2 61811
670 90.1 62712
680 93.9 63651
690 94 64591
700 96.8 65559
710 93.1 66490
720 92.4 67414
730 0.6 67420
740 0 67420
750 0 67420
760 0 67420
770 0 67420
780 0 67420
780 0 67420
