0 0 0
10 0 9
20 0 9
30 0 9
40 3 34
50 2 34
60 11 34
70 4 190
80 38 190
90 8 190
100 0 190
110 0 190
120 0 190
130 4 190
140 1 190
150 0 190
160 0 190
170 3 190
180 3 190
190 4 190
200 0 190
210 5 190
220 0 190
230 6 190
240 3 190
250 4 190
260 5 190
270 0 190
280 4 190
290 1 190
300 0 190
310 1 190
320 1 190
330 1 190
340 4 190
350 1 190
360 1 190
370 30 190
380 1 190
390 2 190
400 12 190
410 5 190
420 4 190
430 5 190
440 1 190
450 0 190
460 2 190
470 1 190
480 0 190
490 0 190
500 2 190
510 1 190
520 2 190
530 4 190
540 6 190
550 2 190
560 2 190
570 1 190
580 2 190
590 0 190
600 2 190
610 3 190
620 0 190
630 5 190
640 13 190
650 1 190
660 7 190
670 2 190
680 3 190
690 5 190
700 11 190
710 2 190
720 5 190
730 0 190
740 0 190
750 0 190
760 0 190
770 0 190
780 0 190
780 0 190
