10 85.6 856
20 95.3 1809
30 101.4 2823
40 262.4 5447
50 293.3 8380
60 311.5 11495
70 360.9 15104
80 436.2 19466
90 385 23316
100 86.6 24182
110 85.2 25034
120 95.2 25986
130 202.6 28012
140 204.5 30057
150 201.1 32068
160 184.7 33915
170 198.6 35901
180 196.3 37864
190 197.7 39841
200 197.8 41819
210 207.8 43897
220 202.2 45919
230 195.6 47875
240 206.5 49940
250 200 51940
260 202.9 53969
270 198.9 55958
280 209.3 58051
290 194.8 59999
300 209.4 62093
310 207.9 64172
320 206.2 66234
330 190.8 68142
340 197.3 70115
350 198 72095
360 207.7 74172
370 201.3 76185
380 210.5 78290
390 201.3 80303
400 192.6 82229
410 203.7 84266
420 217.1 86437
430 221.8 88655
440 222.6 90881
450 219.3 93074
460 215 95224
470 194.6 97170
480 206.6 99236
490 213.2 101368
500 215.1 103519
510 222.9 105748
520 208.7 107835
530 217.1 110006
540 220.1 112207
550 226.2 114469
560 223.6 116705
570 213.4 118839
580 224.7 121086
590 226 123346
600 224.4 125590
610 226 127850
620 223.3 130083
630 222.3 132306
640 213.3 134439
650 217.9 136618
660 223.8 138856
670 228.4 141140
680 223.2 143372
690 223.1 145603
700 220 147803
710 226.7 150070
720 212.5 152195
730 0 152195
740 0 152195
750 0 152195
760 0 152195
770 0 152195
779 0 152195
