10 85.7 2.9174542599547832 4.23531778171914 36.631103515625 0.331787109375 0 0
20 95.4 1.5074322138692346 1.8536827018610955 36.631103515625 0.30712890625 2.9174542599547832 857
30 101.6 2.1001964178610972 3.5640862900086523 36.631103515625 0.297119140625 2.1746817409235226 1811
40 263.2 6.366009280312032 6.8020979661013135 73.7861328125 0.297119140625 2.1479123428933056 2827
50 293 5.194131709284342 6.709991283920155 73.7861328125 0.2939453125 4.181623854028328 5459
60 314.8 6.315781706018707 7.977060926733422 87.5390625 0.2939453125 4.5352593309505025 8389
70 357.9 8.60398105430551 8.365044980645434 87.5390625 0.281005859375 5.02109485463211 11537
80 435.4 8.025024638353388 8.821754629807929 87.5390625 0.260009765625 5.869411188889261 15116
90 384.7 8.25953468459594 9.858681737987329 98.72802734375 0.260009765625 6.351462599211131 19470
100 86.8 2.9677855320240485 3.502735639852493 98.72802734375 0.260009765625 6.666269534600562 23317
110 85.1 2.7184912281507043 3.119190873204253 98.72802734375 0.260009765625 6.533530890224444 24185
120 95.6 1.8821188954628658 2.8006892585486556 98.72802734375 0.260009765625 6.403853675316921 25036
130 202.2 4.6897297452630395 5.587383208368986 98.72802734375 0.260009765625 6.237541792832292 25992
140 204.8 4.452746033668516 5.424495853509782 98.72802734375 0.260009765625 6.12582351053826 28014
150 201.1 4.387628783876178 5.021125499231811 98.72802734375 0.260009765625 6.0118436465029585 30062
160 184.4 5.5425019171129355 8.079547523409591 98.72802734375 0.260009765625 5.910004214933026 32073
170 198.9 4.650301634576117 5.676595044673456 98.72802734375 0.260009765625 5.890023844110717 33917
180 196.3 4.588859600858071 5.584432920346301 98.72802734375 0.260009765625 5.821349876674514 35906
190 197.8 4.744832685912213 5.547718309995809 98.72802734375 0.260009765625 5.757461777928107 37869
200 197.9 3.996031943808416 4.452114442793725 98.72802734375 0.260009765625 5.707194998898132 39847
210 208 3.918818547175481 4.511379689136382 98.72802734375 0.260009765625 5.626231203985337 41826
220 201.6 4.204654511951274 4.6661783308701485 98.72802734375 0.260009765625 5.545344347378848 43906
230 195.5 4.55716811860614 5.9798651007967525 98.72802734375 0.260009765625 5.486487357086135 45922
240 206.4 4.547480620155026 5.606086737598785 98.72802734375 0.260009765625 5.448539718110669 47877
250 201.3 4.5504507566055 4.977291849291639 98.72802734375 0.260009765625 5.411300055745469 49941
260 201.9 4.491138747330049 5.278696168602034 98.72802734375 0.255126953125 5.377945749259563 51954
270 198.9 4.79687377254588 5.53691040474859 98.72802734375 0.255126953125 5.344772434140973 53973
280 209.3 4.142071296994441 4.423901045580505 98.72802734375 0.255126953125 5.32529903365649 55962
290 195 4.263362379807693 5.943275514145079 98.72802734375 0.255126953125 5.282641284059838 58055
300 209.2 4.37317968189829 5.1663019058706405 98.72802734375 0.255126953125 5.249517479988649 60005
310 209.2 3.9612895899931284 4.555984924028948 98.72802734375 0.255126953125 5.219994335978391 62097
320 204.9 4.965766337047037 5.964713092287692 98.72802734375 0.255126953125 5.178971569949925 64189
330 190.9 5.1875125331489 6.012113667301274 98.72802734375 0.255126953125 5.172376299527841 66238
340 196.9 4.122867582291136 4.971740508640888 98.72802734375 0.255126953125 5.172800310415813 68147
350 198 4.421009533814699 4.975487975914539 98.72802734375 0.255126953125 5.143316062288744 70116
360 208.1 4.630703575504563 5.3003236923307995 98.72802734375 0.255126953125 5.123479082062676 72096
370 201 4.4933045951881185 5.7055178140537 98.72802734375 0.255126953125 5.109654502622319 74177
380 211 4.336632201569915 5.0166547213834525 98.72802734375 0.255126953125 5.093393679726776 76187
390 201 4.589830510533266 4.956881456106551 98.72802734375 0.255126953125 5.072999964528097 78297
400 192.5 4.477336774553584 4.999410600879069 98.72802734375 0.255126953125 5.060906739746575 80307
410 205.2 4.547625268411909 4.756675927858381 98.72802734375 0.255126953125 5.047245729641062 82232
420 215.4 3.5068646132558605 3.920976596407323 98.72802734375 0.255126953125 5.035081841044861 84284
430 222 3.3126262492961756 4.062131607182732 98.72802734375 0.242919921875 4.996999285818485 86438
440 222.5 3.15775873419944 3.348002248297307 98.72802734375 0.242919921875 4.95482251506932 88658
450 219.4 3.038675480358364 3.4505589600739124 98.72802734375 0.242919921875 4.9108267522485995 90883
460 214.8 3.822576256437673 4.8992155544789 98.72802734375 0.242919921875 4.866696624606678 93077
470 195.3 4.379359529009852 5.169448730847838 98.72802734375 0.242919921875 4.843144295377725 95225
480 206.1 4.1539615222055515 5.555999811041958 98.72802734375 0.242919921875 4.833823547382124 97178
490 213.4 4.063212172160549 4.923200125987913 98.72802734375 0.242919921875 4.819704142371101 99239
500 214.8 3.6481260729457654 4.610972624847718 98.72802734375 0.242919921875 4.803779252465216 101373
510 222.9 3.6807496048185846 4.32297220329129 98.72802734375 0.242919921875 4.779800127170756 103521
520 208.8 3.9549666949158886 4.99491731801279 98.72802734375 0.242919921875 4.756634324671248 105750
530 217 3.526615265877011 4.306822671535825 98.72802734375 0.242919921875 4.741112133876452 107838
540 220.5 3.2913214374291373 3.883036260854345 98.72802734375 0.242919921875 4.7171551652599994 110008
550 226 3.308348961214047 4.0183721507426675 98.72802734375 0.242919921875 4.6891373476286455 112213
560 223.7 3.216131463560293 3.7657002626682434 98.72802734375 0.242919921875 4.6618769302962 114473
570 213.8 3.246920493744154 3.591192241467965 98.72802734375 0.242919921875 4.634166086246092 116710
580 224.4 3.4059805096576983 4.16964663247969 98.72802734375 0.242919921875 4.609210419539297 118848
590 226.1 3.3789155361980305 3.9214583364954123 98.72802734375 0.242919921875 4.586912927402952 121092
600 225.1 3.214328679441084 3.79635868423087 98.72802734375 0.242919921875 4.564770927601453 123353
610 225.1 2.9887352582879805 3.2377418069039434 98.72802734375 0.242919921875 4.5405691067947185 125604
620 223.4 3.2212449554470686 3.8342800763072695 98.72802734375 0.242919921875 4.513247703697549 127855
630 221.8 3.2181340347441365 3.4188924076317444 98.72802734375 0.242919921875 4.491060323215021 130089
640 213.8 3.3017646639674934 3.5367381316636344 98.72802734375 0.238037109375 4.469720934461376 132307
650 217.9 3.1549867207219484 3.415752140257417 98.72802734375 0.238037109375 4.451147610750447 134445
660 223.8 3.263832999085401 4.349497426966572 98.72802734375 0.238037109375 4.43047529417816 136624
670 228.1 3.624789895639248 4.458579194395014 98.72802734375 0.238037109375 4.41167284673813 138862
680 223.1 3.2552011473624507 3.635760287833386 98.72802734375 0.238037109375 4.398956098394559 141143
690 223.3 3.3246252501539417 3.8264384293384306 98.72802734375 0.238037109375 4.381158469146909 143374
700 220 3.1457640491832417 3.536115084722335 98.72802734375 0.238037109375 4.3649556857779 145607
710 226.7 3.143934521635147 3.3436265549082473 98.72802734375 0.238037109375 4.346808902469205 147807
720 212.1 3.758505900813296 5.151784601956505 98.72802734375 0.238037109375 4.328638425095704 150074
730 0 0 0 98.72802734375 0.238037109375 4.320693018978532 152195
740 0 0 0 98.72802734375 0.238037109375 4.320693018978532 152195
750 0 0 0 98.72802734375 0.238037109375 4.320693018978532 152195
760 0 0 0 98.72802734375 0.238037109375 4.320693018978532 152195
770 0 0 0 98.72802734375 0.238037109375 4.320693018978532 152195
779 0 0 0 98.72802734375 0.238037109375 4.320693018978532 152195
