10 1 1
20 2 1
30 4 2
40 13 9
50 9 -4
60 42 33
70 12 -30
80 4 -8
90 1 -3
100 3 2
110 2 -1
120 6 4
130 2 -4
140 5 3
150 5 0
160 2 -3
170 5 3
180 5 0
190 6 1
200 7 1
210 9 2
220 3 -6
230 2 -1
240 4 2
250 14 10
260 9 -5
270 4 -5
280 4 0
290 6 2
300 4 -2
310 17 13
320 4 -13
330 5 1
340 1 -4
350 2 1
360 5 3
370 2 -3
380 8 6
390 4 -4
400 3 -1
410 18 15
420 1 -17
430 3 2
440 2 -1
450 3 1
460 1 -2
470 8 7
480 3 -5
490 6 3
500 2 -4
510 2 0
520 3 1
530 2 -1
540 7 5
550 4 -3
560 5 1
570 9 4
580 6 -3
590 7 1
600 14 7
610 5 -9
620 6 1
630 1 -5
640 8 7
650 7 -1
660 6 -1
670 3 -3
680 2 -1
690 4 2
700 4 0
710 4 0
720 0 -4
730 0 0
740 0 0
750 0 0
760 0 0
770 0 0
779 0 0
