0 0 0
10 88.3 883
20 95.5 1838
30 104.4 2882
40 260.9 5491
50 291.4 8405
60 312.6 11531
70 365.3 15184
80 436.1 19545
90 378 23325
100 85.9 24184
110 88.6 25070
120 100.1 26071
130 198.5 28056
140 203.1 30087
150 198.6 32073
160 192.1 33994
170 194.9 35943
180 194.4 37887
190 196.4 39851
200 206.9 41920
210 204.2 43962
220 200.5 45967
230 194.6 47913
240 204 49953
250 209.6 52049
260 197.5 54024
270 197.6 56000
280 207.4 58074
290 201.7 60091
300 207.8 62169
310 205.9 64228
320 204.9 66277
330 188.6 68163
340 195.2 70115
350 207 72185
360 206.5 74250
370 197.4 76224
380 208.8 78312
390 200.1 80313
400 202.1 82334
410 201.2 84346
420 213.6 86482
430 220.6 88688
440 220.5 90893
450 228.4 93177
460 212.4 95301
470 193.2 97233
480 205.6 99289
490 211.4 101403
500 213.5 103538
510 221.1 105749
520 215.7 107906
530 216.1 110067
540 219.6 112263
550 225.6 114519
560 220.6 116725
570 221.5 118940
580 223.1 121171
590 224.3 123414
600 224.2 125656
610 224.3 127899
620 219.5 130094
630 221.6 132310
640 222.2 134532
650 218.8 136720
660 220.9 138929
670 224.6 141175
680 222.6 143401
690 221.2 145613
700 230.2 147915
710 224.2 150157
720 203.8 152195
730 0 152195
740 0 152195
750 0 152195
760 0 152195
770 0 152195
779 0 152195
