10 85.6 101.55324946608499 161.41545782880817 853.171875 5.158935546875 0 0
20 95.3 20.29716781504131 9.84351036916057 853.171875 3.628173828125 101.55324946608499 856
30 101.4 23.9268288396049 16.59519728617179 853.171875 3.628173828125 58.74670119994645 1809
40 262.4 46.01528670148158 27.95167429666219 853.171875 3.628173828125 46.239669470089446 2823
50 293.3 38.943144701057975 23.63569677002319 853.171875 3.628173828125 46.13157687144303 5447
60 311.5 45.597095941387494 36.54784534891397 853.171875 3.628173828125 43.61562561180826 8380
70 360.9 79.87501048539684 58.56469382760696 853.171875 3.628173828125 44.15257907650068 11495
80 436.2 90.8530412242807 75.02460638438492 853.171875 3.628173828125 52.68821565983664 15104
90 385 89.34637118252842 57.557404909460715 853.171875 3.628173828125 61.24030489810362 19466
100 86.6 23.50038509941542 12.91651158526281 853.171875 3.628173828125 65.88125339677558 23316
110 85.2 22.52863351168209 11.403961603613833 853.171875 3.628173828125 64.36351987822815 24182
120 95.2 22.414751838235283 13.063401826458579 853.171875 3.38720703125 62.939723314183354 25034
130 202.6 31.91269550530609 17.58021901007367 853.171875 3.38720703125 61.45508647722874 25986
140 204.5 31.64675143738535 16.884878051485156 853.171875 3.38720703125 59.318399196452106 28012
150 201.1 31.376115932682755 17.85213779603612 853.171875 3.38720703125 57.4356923505496 30057
160 184.7 38.572694952964234 29.40170462805666 853.171875 3.38720703125 55.80148353876433 32068
170 198.6 34.54442806186267 19.826258485137934 853.171875 3.38720703125 54.86320924957156 33915
180 196.3 36.02824245614172 25.441393779468655 853.171875 3.38720703125 53.73919879195785 35901
190 197.7 33.31651998470693 17.24573956983243 853.171875 3.38720703125 52.82100189550721 37864
200 197.8 28.76367520755656 13.70314984586634 853.171875 3.38720703125 51.85314564848399 39841
210 207.8 30.443629832997473 16.467456273077236 853.171875 3.38720703125 50.76103506400912 41819
220 202.2 29.894571457135573 16.57570073968838 853.171875 3.38720703125 49.7992479699015 43897
230 195.6 29.91423312384172 14.917985676815857 853.171875 3.38720703125 48.922764250551936 45919
240 206.5 35.63506403223373 30.11076575963744 853.171875 3.38720703125 48.14614415898337 47875
250 200 32.57868432617179 17.25877489626019 853.171875 3.38720703125 47.62881575566462 49940
260 202.8 32.6861843131702 16.83463920284033 853.171875 3.38720703125 47.049295870046876 51940
270 199 32.224828856195046 17.00180701967967 853.171875 3.38720703125 46.50956139336911 53968
280 209.3 28.114762890811626 13.141135495255542 853.171875 3.38720703125 46.001562219900144 55958
290 194.8 29.955647744682047 15.435733534264834 853.171875 3.38720703125 45.35666254554859 58051
300 209.4 32.47959641945735 18.26998054426077 853.171875 3.38720703125 44.856634597881325 59999
310 207.9 28.72058886389942 14.351222559105436 853.171875 3.38720703125 44.43923621246558 62093
320 206.2 33.22617533227756 18.133254213979704 853.171875 3.38720703125 43.92999436496716 64172
330 190.8 35.01288622330333 20.327090008538264 853.171875 3.38720703125 43.59676256792325 66234
340 197.3 31.540557412767654 16.348898716871776 853.171875 3.38720703125 43.35641100698382 68142
350 198 30.241717714251905 14.758696979575673 853.171875 3.38720703125 43.02391897045257 70115
360 207.7 32.4968307561237 15.45092194156935 853.171875 3.38720703125 42.67287162337888 72095
370 201.3 30.594507527244783 16.784480337145144 853.171875 3.38720703125 42.38791723518267 74172
380 210.5 32.87779561312349 16.902926787568994 853.171875 3.38720703125 42.07630558273036 76185
390 201.3 31.026602474540486 17.14743026681847 853.171875 3.38720703125 41.82898327482357 78290
400 192.6 30.06209728205316 15.983548099979732 853.171875 3.38720703125 41.558193982381574 80303
410 203.7 30.504702553540746 15.45966604592765 853.171875 3.38720703125 41.288927881068986 82229
420 217.1 26.702245261580217 14.0973313342943 853.171875 3.38720703125 41.0282359413522 84266
430 221.8 23.10958259658193 11.256359750451477 853.171875 3.38720703125 40.66841635291455 86437
440 222.6 22.500374217346156 10.633315054385477 853.171875 3.38720703125 40.22912366472386 88655
450 219.3 22.770174832741954 10.709540519526342 853.171875 3.38720703125 39.794883325490545 90881
460 215 25.85313169967297 14.174377377361443 853.171875 3.38720703125 39.393748897781435 93074
470 194.6 31.54488147763045 16.882383838483094 853.171875 3.38720703125 39.08802421728142 95224
480 206.6 30.891885290302827 17.888769721201086 853.171875 3.38720703125 38.93695952888623 97170
490 213.1 27.433931949495534 15.841043198961371 853.171875 3.38720703125 38.76946866491636 99236
500 215.2 24.27501443061687 12.017146717985916 853.171875 3.38720703125 38.53116597527809 101367
510 222.9 25.345200824010192 12.875513118844822 853.171875 3.38720703125 38.234802620491905 103519
520 208.7 26.5114941453043 14.286650280947958 853.171875 3.38720703125 37.96311027260488 105748
530 217.1 24.90695880624569 13.714896418073234 853.171875 3.38720703125 37.741479792170175 107835
540 220.1 25.14365152292282 13.8458922329083 853.171875 3.38720703125 37.48818683487292 110006
550 226.2 23.38986224942668 11.182621837598688 853.171875 3.38720703125 37.246042207339855 112207
560 223.6 23.420367136837527 12.272027596879223 853.171875 3.38720703125 36.97223288722 114469
570 213.4 23.33582847187645 12.18594284788243 853.171875 3.38720703125 36.71258701242582 116705
580 224.7 26.250731009401434 17.319730163613823 853.171875 3.38720703125 36.4723796501497 118839
590 226 25.393554687500004 15.163732071967571 853.171875 3.38720703125 36.28269591713546 121086
600 224.4 23.11979580095532 11.887180748013325 853.171875 3.38720703125 36.08318025242825 123346
610 226 22.931916417484796 10.806648692506167 853.171875 3.38720703125 35.85155484667058 125590
620 223.3 25.068730123257687 15.90227450817344 853.171875 3.38720703125 35.62317484784415 127850
630 222.3 23.109770918557423 11.594958796640144 853.171875 3.38720703125 35.44199763737082 130083
640 213.3 23.132754126010884 11.244936432930627 853.171875 3.38720703125 35.2347920684932 132306
650 217.9 22.167353748673403 10.844017056653618 853.171875 3.38720703125 35.04278196033028 134439
660 223.8 24.31566041020862 14.786892654744952 853.171875 3.38720703125 34.837424261687346 136618
670 228.4 24.44044956935474 13.26078322424155 853.171875 3.38720703125 34.66784061028151 138856
680 223.2 23.207425790875615 10.84192823945208 853.171875 3.38720703125 34.50233571345937 141140
690 223.1 26.39780400377491 19.6327491312487 853.171875 3.38720703125 34.32649776081027 143372
700 220 24.250087557705957 11.814744619837331 853.171875 3.38720703125 34.205010457856716 145603
710 226.7 23.174895795999653 12.14208612480263 853.171875 3.38720703125 34.056834640178245 147803
720 212.5 25.23128297334557 14.346981787023282 853.171875 3.38720703125 33.89244898441925 150070
730 0 0 0 853.171875 3.38720703125 33.77151874509777 152195
740 0 0 0 853.171875 3.38720703125 33.77151874509777 152195
750 0 0 0 853.171875 3.38720703125 33.77151874509777 152195
760 0 0 0 853.171875 3.38720703125 33.77151874509777 152195
770 0 0 0 853.171875 3.38720703125 33.77151874509777 152195
779 0 0 0 853.171875 3.38720703125 33.77151874509777 152195
