10 88.3 103.75527045140858 159.95174197630305 855.323974609375 6.93798828125 0 0
20 95.5 23.17849772987564 10.10035468238785 855.323974609375 5.73095703125 103.75527045140858 883
30 104.4 28.701974919929366 18.681426256263308 855.323974609375 5.73095703125 61.88866656181992 1838
40 260.9 53.20995307708891 28.992294987541076 855.323974609375 5.73095703125 49.866839332765885 2882
50 291.4 44.66013999630022 24.745630276077467 855.323974609375 5.73095703125 51.455290208551496 5491
60 312.6 52.83430177343259 38.57975409257562 855.323974609375 5.73095703125 49.09942254424451 8405
70 365.3 89.64501264746009 58.962205410614956 855.323974609375 5.73095703125 50.11193078034216 11531
80 436.1 99.40153312027033 76.00983921231536 855.323974609375 5.73095703125 59.62288626378405 15184
90 378 99.7832349020338 58.41624231537516 855.323974609375 5.73095703125 68.49854136437943 19545
100 85.9 27.621930478754376 13.303488879766853 855.323974609375 5.73095703125 73.56847240713756 23325
110 88.6 26.884539946476444 12.020944487784702 855.323974609375 5.73095703125 71.93648102785865 24184
120 100.1 26.872984193540844 14.146938124981558 855.323974609375 5.545166015625 70.34429834743963 25070
130 198.5 36.95364316849025 18.700637212237726 855.323974609375 5.545166015625 68.67521064585347 26071
140 203.1 36.734862319593184 17.89835809430149 855.323974609375 5.545166015625 66.43086678206083 28056
150 198.6 36.412006604827496 18.482773163675592 855.323974609375 5.545166015625 64.42626063777021 30087
160 192.1 43.86974735448661 30.29021616087234 855.323974609375 5.545166015625 62.69158322968789 32073
170 194.9 40.09378369616624 21.10526387059214 855.323974609375 5.545166015625 61.62796180484052 33994
180 194.4 41.319936995643616 26.049568825040208 855.323974609375 5.545166015625 60.46027649382569 35943
190 196.4 38.48681006654947 17.877060680481506 855.323974609375 5.545166015625 59.47817656550025 37887
200 206.9 33.888250499373186 14.537506053756239 855.323974609375 5.545166015625 58.4436468472011 39851
210 204.2 35.45436387617836 17.369924982387996 855.323974609375 5.545166015625 57.23169276696122 41920
220 200.5 35.21813836989553 17.737587018483918 855.323974609375 5.545166015625 56.220153128296495 43962
230 194.6 34.325660133165805 15.206894549907812 855.323974609375 5.545166015625 55.30408204272219 45967
240 204 40.80518128638173 30.588476494395827 855.323974609375 5.545166015625 54.452037523781684 47913
250 209.6 37.735798377117185 17.88503667444989 855.323974609375 5.545166015625 53.89472191262127 49953
260 197.5 37.338017454509426 17.523296352324298 855.323974609375 5.545166015625 53.244006169179194 52049
270 197.6 37.077199835526315 17.687943821541896 855.323974609375 5.545166015625 52.662517798983124 54024
280 207.4 32.98919012645398 13.99875965896323 855.323974609375 5.545166015625 52.11257872227257 56000
290 201.7 35.76202002219419 17.351954440350337 855.323974609375 5.545166015625 51.42962407909787 58074
300 207.8 37.07969335091583 18.50151603975906 855.323974609375 5.545166015625 50.90372906349196 60091
310 205.9 33.98843503843646 15.33128098142186 855.323974609375 5.545166015625 50.44166040852352 62169
320 204.9 38.55995374077294 19.368887547436724 855.323974609375 5.545166015625 49.91420834654106 64228
330 188.6 40.13477766374769 21.0839883034338 855.323974609375 5.545166015625 49.5631835915398 66277
340 195.2 36.776388199603005 17.648329581240997 855.323974609375 5.545166015625 49.30230931106775 68163
350 207 35.417694062311284 15.877100272871914 855.323974609375 5.545166015625 48.95358795316175 70115
360 206.5 37.66129939561895 16.081585484110594 855.323974609375 5.545166015625 48.565428358314335 72185
370 197.4 35.668875681713864 17.659911115692925 855.323974609375 5.545166015625 48.262168744739036 74250
380 208.8 38.39594207412894 17.674406891991122 855.323974609375 5.545166015625 47.93603576160496 76224
390 200.1 36.15231397972891 17.772589328366667 855.323974609375 5.545166015625 47.68167224618651 78312
400 202.1 35.499311912419664 16.807418233436923 855.323974609375 5.545166015625 47.39441805457143 80313
410 201.2 35.57780380704054 15.866854516458877 855.323974609375 5.545166015625 47.102436497580534 82334
420 213.6 30.814664804980158 14.75208699833351 855.323974609375 5.545166015625 46.82752647252462 84346
430 220.6 27.26155772343182 11.873458257857143 855.323974609375 5.545166015625 46.432028305023 86482
440 220.5 26.4885363520408 11.202160324422012 855.323974609375 5.545166015625 45.95518749112496 88688
450 228.4 27.05458124965794 11.5252713933184 855.323974609375 5.545166015625 45.4829402799901 90893
460 212.4 30.62830038124558 15.031069457090831 855.323974609375 5.545166015625 45.03121536906489 93177
470 193.2 37.2287464971128 18.129131089937367 855.323974609375 5.545166015625 44.71021358068777 95301
480 205.6 35.10641669484893 18.33795072533639 855.323974609375 5.545166015625 44.561558346297524 97233
490 211.4 31.92138983691309 16.721914059150894 855.323974609375 5.545166015625 44.36576856862448 99289
500 213.5 28.591024201368565 12.698033027403202 855.323974609375 5.545166015625 44.10633426550882 101403
510 221.1 29.747710422496915 13.595270202853248 855.323974609375 5.545166015625 43.78640161288911 103538
520 215.7 31.585624542731512 15.442924673340427 855.323974609375 5.545166015625 43.49288066969383 105749
530 216.1 28.971675055493677 14.22832336759309 855.323974609375 5.545166015625 43.25485913737999 107906
540 219.6 29.329312795281204 14.647806584222769 855.323974609375 5.545166015625 42.97443030039019 110067
550 225.6 27.322139767044824 11.88376255730159 855.323974609375 5.545166015625 42.70751530576846 112263
560 220.6 27.935957907765747 13.088514328024198 855.323974609375 5.545166015625 42.4044266723071 114519
570 221.5 27.39424632741958 12.704830631114497 855.323974609375 5.545166015625 42.130985317887934 116725
580 223.1 30.537099197914333 18.180042423082263 855.323974609375 5.545166015625 41.85654545859848 118940
590 224.3 29.975197141105635 16.303170294366637 855.323974609375 5.545166015625 41.648131856271306 121171
600 224.2 27.230212522127285 12.428938642595984 855.323974609375 5.545166015625 41.4359809449799 123414
610 224.3 27.38689671251532 11.699987285226868 855.323974609375 5.545166015625 41.18251646414305 125656
620 219.5 28.944680070116767 16.377449329958495 855.323974609375 5.545166015625 40.940578879776474 127899
630 221.6 27.30430685656165 12.205297438720782 855.323974609375 5.545166015625 40.73817909279781 130094
640 222.2 27.32783229494825 11.91990262692282 855.323974609375 5.545166015625 40.51318127800301 132310
650 218.8 26.132598821162304 11.35002154106005 855.323974609375 5.545166015625 40.29540524374835 134532
660 220.9 28.545196961471515 15.703908203526213 855.323974609375 5.545166015625 40.06875061785149 136720
670 224.6 28.856947398674034 13.969652777722136 855.323974609375 5.545166015625 39.885523717586295 138929
680 222.6 27.21192864951847 11.546628124964032 855.323974609375 5.545166015625 39.710066431152605 141175
690 221.2 30.832026172934537 20.777163142381994 855.323974609375 5.545166015625 39.51605903439862 143401
700 230.2 28.55050147460089 12.355344277740897 855.323974609375 5.545166015625 39.38414031361436 145613
710 224.2 27.167872378700654 12.867209493409868 855.323974609375 5.545166015625 39.21553647622526 147915
720 203.8 30.01048295280299 15.4945061507995 855.323974609375 5.545166015625 39.03565233558147 150157
730 0 0 0 855.323974609375 5.545166015625 38.914798856806854 152195
740 0 0 0 855.323974609375 5.545166015625 38.914798856806854 152195
750 0 0 0 855.323974609375 5.545166015625 38.914798856806854 152195
760 0 0 0 855.323974609375 5.545166015625 38.914798856806854 152195
770 0 0 0 855.323974609375 5.545166015625 38.914798856806854 152195
779 0 0 0 855.323974609375 5.545166015625 38.914798856806854 152195
