10 5304.23984375 5304.23984375
20 6299.0453125 11603.28515625
30 6424.51171875 18027.796875
40 17447.96875 35475.765625
50 18750.60859375 54226.37421875
60 20113.49140625 74339.865625
70 23866.27265625 98206.13828125
80 28598.74453125 126804.8828125
90 24492.39453125 151297.27734375
100 5393.64296875 156690.9203125
110 5265.74765625 161956.66796875
120 5936.62578125 167893.29375
130 13473.0875 181366.38125
140 13689.48203125 195055.86328125
150 12358.28046875 207414.14375
160 11911.009375 219325.153125
170 12777.58359375 232102.73671875
180 13696.90859375 245799.6453125
190 12525.86015625 258325.50546875
200 12438.6453125 270764.15078125
210 13259.4015625 284023.55234375
220 13409.78203125 297433.334375
230 12533.8546875 309967.1890625
240 12869.43359375 322836.62265625
250 12630.70234375 335467.325
260 12948.9421875 348416.2671875
270 12566.1125 360982.3796875
280 13387.5109375 374369.890625
290 12856.878125 387226.76875
300 13362.7453125 400589.5140625
310 13297.08515625 413886.59921875
320 13368.38515625 427254.984375
330 12423.6609375 439678.6453125
340 12824.76015625 452503.40546875
350 12526.50234375 465029.9078125
360 13908.659375 478938.5671875
370 12633.48515625 491572.05234375
380 13739.7953125 505311.84765625
390 13033.16015625 518345.0078125
400 12502.453125 530847.4609375
410 13175.6859375 544023.146875
420 14278.496875 558301.64375
430 14463.415625 572765.059375
440 14727.41484375 587492.47421875
450 14133.328125 601625.80234375
460 14436.36953125 616062.171875
470 12893.91953125 628956.09140625
480 13893.81484375 642849.90625
490 13233.27734375 656083.18359375
500 14149.53125 670232.71484375
510 13966.1765625 684198.89140625
520 13398.71640625 697597.6078125
530 13966.25078125 711563.85859375
540 14060.1015625 725623.96015625
550 13898.3015625 739522.26171875
560 14479.75859375 754002.0203125
570 14083.22890625 768085.24921875
580 14944.2375 783029.48671875
590 15021.959375 798051.44609375
600 14718.778125 812770.22421875
610 15146.8578125 827917.08203125
620 14154.38046875 842071.4625
630 14402.03671875 856473.49921875
640 13558.44140625 870031.940625
650 13868.04453125 883899.98515625
660 14043.0421875 897943.02734375
670 15077.05625 913020.08359375
680 14291.5546875 927311.63828125
690 14541.1375 941852.77578125
700 14409.603125 956262.37890625
710 14561.33359375 970823.7125
720 14168.73125 984992.44375
730 0 984992.44375
740 0 984992.44375
750 0 984992.44375
760 0 984992.44375
770 0 984992.44375
779 0 984992.44375
