10 279.6015625 279.6015625
20 311.125 590.7265625
30 331.42578125 922.15234375
40 858.32421875 1780.4765625
50 955.74609375 2736.22265625
60 1026.76171875 3762.984375
70 1167.2265625 4930.2109375
80 1420.01953125 6350.23046875
90 1254.90234375 7605.1328125
100 283.171875 7888.3046875
110 277.6484375 8165.953125
120 311.55859375 8477.51171875
130 659.73046875 9137.2421875
140 667.84765625 9805.08984375
150 656.12109375 10461.2109375
160 601.4765625 11062.6875
170 648.76953125 11711.45703125
180 639.96484375 12351.421875
190 645.2421875 12996.6640625
200 645.58984375 13642.25390625
210 678.49609375 14320.75
220 657.453125 14978.203125
230 637.6953125 15615.8984375
240 673.36328125 16289.26171875
250 656.67578125 16945.9375
260 658.58984375 17604.52734375
270 648.83984375 18253.3671875
280 682.71875 18936.0859375
290 635.95703125 19572.04296875
300 682.39453125 20254.4375
310 682.3984375 20936.8359375
320 668.30859375 21605.14453125
330 622.6328125 22227.77734375
340 642.203125 22869.98046875
350 645.90234375 23515.8828125
360 678.609375 24194.4921875
370 655.72265625 24850.21484375
380 688.1796875 25538.39453125
390 655.58984375 26193.984375
400 627.8671875 26821.8515625
410 669.2890625 27491.140625
420 702.5 28193.640625
430 724.06640625 28917.70703125
440 725.6171875 29643.32421875
450 715.625 30358.94921875
460 700.453125 31059.40234375
470 636.90625 31696.30859375
480 672.07421875 32368.3828125
490 696.2109375 33064.59375
500 700.54296875 33765.13671875
510 727.171875 34492.30859375
520 681.07421875 35173.3828125
530 707.8125 35881.1953125
540 719.25390625 36600.44921875
550 737.3671875 37337.81640625
560 729.63671875 38067.453125
570 697.26171875 38764.71484375
580 731.79296875 39496.5078125
590 737.3515625 40233.859375
600 734.13671875 40967.99609375
610 734.0390625 41702.03515625
620 728.4296875 42430.46484375
630 723.7578125 43154.22265625
640 697.41796875 43851.640625
650 710.8046875 44562.4453125
660 730.1015625 45292.546875
670 743.89453125 46036.44140625
680 727.7265625 46764.16796875
690 728.3046875 47492.47265625
700 717.51171875 48209.984375
710 739.45703125 48949.44140625
720 691.671875 49641.11328125
730 0 49641.11328125
740 0 49641.11328125
750 0 49641.11328125
760 0 49641.11328125
770 0 49641.11328125
779 0 49641.11328125
