10 41 103.06159608422254 161.99378714979684 853.477783203125 8.48779296875 0 0
20 48.8 22.16603713739113 10.227278555229182 853.477783203125 5.89306640625 103.06159608422254 410
30 49.7 25.827591525716798 16.873358165938516 853.477783203125 4.836181640625 59.100535097525736 898
40 135.2 49.66553221933946 28.431818003577042 853.477783203125 4.836181640625 47.24630358842965 1395
50 145.1 41.85758727143993 24.476824723843876 853.477783203125 4.836181640625 48.436983278633534 2747
60 155.7 47.63853545730964 35.141570744347845 853.477783203125 4.836181640625 46.162875702064234 4198
70 184.9 85.25620795869395 60.003142467289074 853.477783203125 4.836181640625 46.56211153853984 5755
80 221.5 94.82612359798247 74.71941174421589 853.477783203125 4.836181640625 55.97102583113123 7604
90 189.5 93.58149027560187 58.435501874541245 853.477783203125 4.836181640625 64.73607742025187 9819
100 41.7 24.935964314485926 12.436356942171628 853.477783203125 4.836181640625 69.40246442391314 11714
110 40.7 24.590725535549755 11.55674760450385 853.477783203125 4.836181640625 67.87393993742143 12131
120 45.9 24.187582444001908 13.296783469523088 853.477783203125 4.836181640625 66.46890976821089 12538
130 104.4 33.596558552592235 17.87901656631783 853.477783203125 4.836181640625 64.97570908791452 12997
140 106.1 34.538770267583644 18.166919002572154 853.477783203125 4.836181640625 62.64255381700245 14041
150 95.5 34.101050188154495 19.16547191524983 853.477783203125 4.836181640625 60.668105773966204 15102
160 92.2 41.364096817380705 29.92017494142174 853.477783203125 4.836181640625 59.088013721624534 16057
170 98.9 36.831466196521035 20.451631389902822 853.477783203125 4.836181640625 58.12556296564875 16979
180 106.3 39.27803046728007 26.632907033470197 853.477783203125 4.836181640625 56.953486958042596 17968
190 96.9 35.671361775590135 17.602352508895294 853.477783203125 4.836181640625 55.96620251425717 19031
200 96.2 31.638522649753117 14.397632441101127 853.477783203125 4.836181640625 54.98291748046875 20000
210 102.6 32.440061334978154 15.846168937261739 853.477783203125 4.836181640625 53.911583264881095 20962
220 103.9 32.443451250827124 16.32940997309747 853.477783203125 4.836181640625 52.909683069316216 21988
230 97 31.835797559600532 15.081930690651145 853.477783203125 4.836181640625 51.98622734953465 23027
240 99.5 37.45528815954774 29.30905726374524 853.477783203125 4.836181640625 51.17171233114751 23997
250 97.7 35.33037449222754 17.707583363671798 853.477783203125 4.836181640625 50.62562390082014 24992
260 100 35.11007812500007 16.92778952691607 853.477783203125 4.836181640625 50.05018939536382 25969
270 97.4 34.19008152391879 17.13564336775682 853.477783203125 4.836181640625 49.49621589725993 26969
280 103.6 30.342854032185095 13.53812541102486 853.477783203125 4.836181640625 48.96269498398526 27943
290 99.6 32.52711137518825 16.394471980179663 853.477783203125 4.836181640625 48.29703518806183 28979
300 103.4 34.94132880500491 19.66938380423826 853.477783203125 4.836181640625 47.773037052361346 29975
310 102.9 31.033957612062682 15.275405602969341 853.477783203125 4.836181640625 47.345161715273186 31009
320 103.5 35.3452315915609 18.424297243970035 853.477783203125 4.836181640625 46.821276671818424 32038
330 96.2 37.01546333931587 20.298579352977498 853.477783203125 4.836181640625 46.462140619507885 33073
340 99.3 33.65082432496228 16.503180232470143 853.477783203125 4.836181640625 46.19513008495391 34035
350 96.8 32.36071020709583 15.202128315521607 853.477783203125 4.836181640625 45.839514702412174 35028
360 107.9 34.7141945938803 15.699574812100622 853.477783203125 4.836181640625 45.47704435149912 35996
370 97.7 32.68974849267524 16.498801109960414 853.477783203125 4.836181640625 45.16381131337449 37075
380 106.3 35.86740430973667 18.138938030888152 853.477783203125 4.836181640625 44.84353486599135 38052
390 101 33.74674011834777 17.521077525017386 853.477783203125 4.836181640625 44.59959707278417 39115
400 96.8 32.22185396557011 16.358665595155717 853.477783203125 4.836181640625 44.326416125146025 40125
410 102 33.30236577052696 15.775150097023923 853.477783203125 4.836181640625 44.04127714355623 41093
420 110.6 29.013822641769316 14.43067459612715 853.477783203125 4.836181640625 43.78117480934851 42113
430 112 24.791064889090404 11.337019739450023 853.477783203125 4.836181640625 43.403269455283336 43219
440 114.1 24.154214924203014 10.752670903798295 853.477783203125 4.836181640625 42.933126486020704 44339
450 109.4 24.789140160820377 11.220585604896907 853.477783203125 4.836181640625 42.462002077664636 45480
460 111.9 28.032252089267764 14.305216658252755 853.477783203125 4.836181640625 42.04687537742357 46574
470 99.9 34.05906565745427 17.39094298790308 853.477783203125 4.836181640625 41.71805640064613 47693
480 107.7 32.739720478252664 17.5668566281823 853.477783203125 4.836181640625 41.56091905257152 48692
490 102.3 29.211702139846043 16.446697645266184 853.477783203125 4.836181640625 41.37002852102495 49769
500 109.6 26.435449976120548 12.520017614107374 853.477783203125 4.836181640625 41.12514806961634 50792
510 108 27.635147433810772 13.241110398084883 853.477783203125 4.836181640625 40.8148661333214 51888
520 103.7 28.64312173223542 14.753239154648254 853.477783203125 4.836181640625 40.54613602843786 52968
530 108.1 26.67177811162985 13.450498825973973 853.477783203125 4.836181640625 40.317575231749366 54005
540 108.7 27.577083303386626 14.242287350014005 853.477783203125 4.836181640625 40.04979200757536 55086
550 107.5 25.094951171874996 11.564082535453394 853.477783203125 4.836181640625 39.80843344809922 56173
560 112.1 25.230832891949152 12.291927645700849 853.477783203125 4.836181640625 39.53214443456266 57248
570 109.1 25.169431355980738 12.791078230400727 853.477783203125 4.836181640625 39.25748202404904 58369
580 115.8 27.895017212124884 16.775031423550235 853.477783203125 4.836181640625 38.998987855215155 59460
590 116.4 27.602235774403994 15.79910957349477 853.477783203125 4.836181640625 38.78686607612811 60618
600 114 24.97547885827854 12.37554187849585 853.477783203125 4.836181640625 38.57614273160694 61782
610 117.4 24.596181632306763 11.306724703936299 853.477783203125 4.836181640625 38.32973039862969 62922
620 109.5 26.739608973672954 16.42539446805728 853.477783203125 4.836181640625 38.078182934643436 64096
630 111.5 24.94912678671525 11.246840071009595 853.477783203125 4.836181640625 37.88773120837351 65191
640 104.8 24.877227317285918 11.678201119731796 853.477783203125 4.836181640625 37.670155967367435 66306
650 107.3 23.899401093240332 11.313648499914441 853.477783203125 4.836181640625 37.47110336135613 67354
660 108.7 26.43340508567157 16.29461191557563 853.477783203125 4.836181640625 37.25828624919736 68427
670 116.8 26.01054215104613 13.893351275532607 853.477783203125 4.836181640625 37.089016090312064 69514
680 110.6 24.851258317557644 10.72426925141058 853.477783203125 4.836181640625 36.90594745103951 70682
690 112.6 28.620925930422956 21.37992639328317 853.477783203125 4.836181640625 36.72022718885598 71788
700 111.6 26.17173192834342 12.306787803175544 853.477783203125 4.836181640625 36.59515089051827 72914
710 112.7 25.10629453887533 12.831377287537594 853.477783203125 4.836181640625 36.43801816646333 74030
720 109.8 27.05412895605647 14.833920361241908 853.477783203125 4.836181640625 36.268095836829474 75157
730 0 0 0 853.477783203125 4.836181640625 36.13542341357738 76255
740 0 0 0 853.477783203125 4.836181640625 36.13542341357738 76255
750 0 0 0 853.477783203125 4.836181640625 36.13542341357738 76255
760 0 0 0 853.477783203125 4.836181640625 36.13542341357738 76255
770 0 0 0 853.477783203125 4.836181640625 36.13542341357738 76255
779 0 0 0 853.477783203125 4.836181640625 36.13542341357738 76255
