10 44.6 102.09587172435549 160.758688158943 770.597900390625 5.550048828125 0 0
20 46.5 19.51664776545699 9.39414796751086 770.597900390625 3.872802734375 102.09587172435549 446
30 51.7 23.674261155857117 17.16434010297699 770.597900390625 3.872802734375 59.94511525795834 911
40 127.1 46.112604148738676 27.898799719263135 770.597900390625 3.872802734375 46.81344048850013 1428
50 148.3 39.300519658999995 24.10666600293482 770.597900390625 3.872802734375 46.483406035800314 2699
60 155.8 47.1247785810635 39.58710202720988 770.597900390625 3.872802734375 43.936246663061226 4182
70 176 80.79401411576704 57.98284426695151 770.597900390625 3.872802734375 44.801705326518984 5740
80 214.7 93.18161731394841 76.51055372218819 770.597900390625 3.872802734375 53.247900455729194 7500
90 195.5 91.63268262468037 58.16687959430655 770.597900390625 3.872802734375 62.135398133203715 9647
100 44.9 23.77848180418289 13.496854949759427 770.597900390625 3.872802734375 67.10585074317069 11602
110 44.5 22.279830143960666 11.330236981596494 770.597900390625 3.872802734375 65.491545817969 12051
120 49.3 22.095092525830367 12.972441183923443 770.597900390625 3.677001953125 63.952716314533205 12496
130 98.2 32.71471720460481 18.077162268943024 770.597900390625 3.677001953125 62.36400213116031 12989
140 98.4 31.065752727229412 16.185999884614915 770.597900390625 3.677001953125 60.27999971201512 13971
150 105.6 30.883883620753437 16.82020905815706 770.597900390625 3.677001953125 58.357778446015175 14955
160 92.5 38.806320998733206 30.123551844750548 770.597900390625 3.677001953125 56.54574715905768 16011
170 99.7 34.67134043732771 20.101388435385193 770.597900390625 3.677001953125 55.5768661246753 16936
180 90 35.16263292100694 24.728015983229106 770.597900390625 3.677001953125 54.41460609510492 17933
190 100.8 33.370520455496624 17.40860762389928 770.597900390625 3.677001953125 53.494584013828 18833
200 101.6 28.44434915377399 13.666040236499766 770.597900390625 3.677001953125 52.472203283683456 19841
210 105.2 30.526589049132603 17.474879043840954 770.597900390625 3.677001953125 51.3017425368844 20857
220 98.3 29.751069450184378 17.540459936663144 770.597900390625 3.677001953125 50.30418621440893 21909
230 98.6 30.174454323418487 15.284454980080044 770.597900390625 3.677001953125 49.42161965057734 22892
240 106.8 36.275942913155454 31.04003141380996 770.597900390625 3.677001953125 48.62684182108666 23878
250 102.5 32.38304139672256 17.276548435538007 770.597900390625 3.677001953125 48.09806927103172 24946
260 102.4 32.51416444778446 17.315729219201625 770.597900390625 3.677001953125 47.47784272714943 25971
270 102 32.37254495059741 17.31209107351631 770.597900390625 3.677001953125 46.91022625898607 26995
280 105.7 28.046958381992074 13.233904315294213 770.597900390625 3.677001953125 46.380922852434 28015
290 95.2 29.545513249245012 14.841085299343904 770.597900390625 3.677001953125 45.71433643095432 29072
300 106 32.18628735812204 17.369222375938264 770.597900390625 3.677001953125 45.20165591973039 30024
310 105 28.502444428943452 13.67069701142347 770.597900390625 3.677001953125 44.757816945489466 31084
320 102.7 33.65028507637544 18.7952641429856 770.597900390625 3.677001953125 44.22666174718321 32134
330 94.6 35.5248530510868 21.10540422091743 770.597900390625 3.677001953125 43.89911014014724 33161
340 98 31.707681461256396 16.937467683457193 770.597900390625 3.677001953125 43.666839720401995 34107
350 101.1 30.70723071602992 15.10027444967058 770.597900390625 3.677001953125 43.33281358268824 35087
360 99.9 32.657521779592 15.68585315094183 770.597900390625 3.677001953125 42.979207724242016 36098
370 103.6 30.86063835703726 17.750471678726726 770.597900390625 3.677001953125 42.70125090135323 37097
380 104.1 32.48630045103873 16.286350758732365 770.597900390625 3.677001953125 42.37956431503924 38133
390 100.4 30.684119722282738 17.218528701868337 770.597900390625 3.677001953125 42.11666321526835 39174
400 95.8 30.38671900484408 16.23681687199971 770.597900390625 3.677001953125 41.83097767425194 40178
410 101.7 29.95620328439958 15.355813949128096 770.597900390625 3.677001953125 41.56445686996147 41136
420 106.5 26.17662875036678 14.141307862136403 770.597900390625 3.677001953125 41.28439153898819 42153
430 109.8 23.098307736367275 11.569988974499678 770.597900390625 3.677001953125 40.91209834240617 43218
440 108.5 22.534958912370367 10.87042875049095 770.597900390625 3.677001953125 40.470733099933234 44316
450 109.9 22.37746184386376 10.52375589542857 770.597900390625 3.677001953125 40.04210124174716 45401
460 103.1 25.51493828049225 14.366212581490641 770.597900390625 3.677001953125 39.62460793640794 46500
470 94.7 31.575284512770576 17.161675236675 770.597900390625 3.677001953125 39.31855358419046 47531
480 98.9 31.230610198511794 18.913126614915683 770.597900390625 3.677001953125 39.1672916548486 48478
490 110.8 27.60538215499492 15.803513197361772 770.597900390625 3.677001953125 39.00861257666886 49467
500 105.6 23.844733267119434 11.870024800168894 770.597900390625 3.677001953125 38.75878995072294 50575
510 114.9 24.98965578934129 12.910064588573732 770.597900390625 3.677001953125 38.45375530374951 51631
520 105 26.653899274553584 14.908810494757542 770.597900390625 3.677001953125 38.160647112350205 52780
530 109 25.02181206099485 14.535941809912702 770.597900390625 3.677001953125 37.936198194837914 53830
540 111.3 24.630288178066035 14.065280915543967 770.597900390625 3.677001953125 37.679885724228136 54920
550 118.8 23.498486656933924 11.289243285712768 770.597900390625 3.677001953125 37.420677720571746 56033
560 111.5 23.459775259248897 12.766491020360222 770.597900390625 3.677001953125 37.13163064024107 57221
570 104.3 23.15915510958476 12.12612775841642 770.597900390625 3.677001953125 36.87031483610973 58336
580 108.9 26.47219576804982 18.64432432753696 770.597900390625 3.677001953125 36.62947649941214 59379
590 109.6 24.98672307146726 15.088109775788055 770.597900390625 3.677001953125 36.4465486910432 60468
600 110.4 22.845072428385418 11.669947890411388 770.597900390625 3.677001953125 36.242533862912225 61564
610 108.6 23.059767018804695 11.20409559346838 770.597900390625 3.677001953125 36.006515521434636 62668
620 113.8 25.139367182351176 15.715480845885553 770.597900390625 3.677001953125 35.78597769049295 63754
630 110.8 22.91343143614618 12.208750721948132 770.597900390625 3.677001953125 35.59926988740065 64892
640 108.3 23.16741937723625 11.295291523910896 770.597900390625 3.677001953125 35.386301569158384 66000
650 110.7 22.13514936907182 10.877481615290343 770.597900390625 3.677001953125 35.1890377405602 67083
660 115.2 23.94283506605359 13.812850389893752 770.597900390625 3.677001953125 34.977120239060895 68190
670 111.6 24.563705389644934 12.916926152407013 770.597900390625 3.677001953125 34.79380426145274 69342
680 112.6 23.26184385580871 11.380599867824479 770.597900390625 3.677001953125 34.63176744035454 70458
690 110.5 26.1685001148897 19.397030521218348 770.597900390625 3.677001953125 34.452921134529234 71584
700 108.4 24.213437914408452 11.76600494866796 770.597900390625 3.677001953125 34.32698343794926 72689
710 114 23.015682608621145 12.050052175333583 770.597900390625 3.677001953125 34.17837780516331 73773
720 102.7 25.147597390001224 14.45286618483829 770.597900390625 3.677001953125 34.00850778895707 74913
730 0 0 0 770.597900390625 3.677001953125 33.88867430226063 75940
740 0 0 0 770.597900390625 3.677001953125 33.88867430226063 75940
750 0 0 0 770.597900390625 3.677001953125 33.88867430226063 75940
760 0 0 0 770.597900390625 3.677001953125 33.88867430226063 75940
770 0 0 0 770.597900390625 3.677001953125 33.88867430226063 75940
779 0 0 0 770.597900390625 3.677001953125 33.88867430226063 75940
