0 0 0
10 7 52
20 3 52
30 17 52
40 12 52
50 12 52
60 21 89
70 51 115
80 36 187
90 2 187
100 2 187
110 1 187
120 9 187
130 5 187
140 3 187
150 17 187
160 16 187
170 6 187
180 3 187
190 7 187
200 6 187
210 13 187
220 8 187
230 9 187
240 10 187
250 2 187
260 12 187
270 4 187
280 5 187
290 8 187
300 4 187
310 15 187
320 7 187
330 11 187
340 2 187
350 3 187
360 8 187
370 2 187
380 6 187
390 4 187
400 5 187
410 3 187
420 7 187
430 4 187
440 6 187
450 10 187
460 13 187
470 11 187
480 5 187
490 3 187
500 5 187
510 7 187
520 9 187
530 5 187
540 6 187
550 2 187
560 2 187
570 8 187
580 8 187
590 3 187
600 5 187
610 6 187
620 19 187
630 6 187
640 4 187
650 5 187
660 7 187
670 10 187
680 5 187
690 11 187
700 3 187
710 12 187
720 0 187
730 0 187
740 0 187
750 0 187
760 0 187
770 0 187
779 0 187
