0 0 0
10 89 890
20 95.1 1841
30 105.8 2899
40 260.4 5503
50 291.4 8417
60 313.5 11552
70 368.3 15235
80 434.6 19581
90 374.6 23327
100 85.9 24186
110 88.5 25071
120 100.9 26080
130 198.1 28061
140 202.9 30090
150 200 32090
160 192 34010
170 193.9 35949
180 194.1 37890
190 196.8 39858
200 206.8 41926
210 204.9 43975
220 200 45975
230 194.7 47922
240 204.1 49963
250 208.8 52051
260 198.5 54036
270 196.8 56004
280 207.5 58079
290 202 60099
300 207.4 62173
310 207 64243
320 204.1 66284
330 189 68174
340 194.3 70117
350 207.1 72188
360 207 74258
370 196.8 76226
380 209.2 78318
390 199.9 80317
400 202.2 82339
410 201 84349
420 214 86489
430 220.3 88692
440 220.7 90899
450 228.8 93187
460 212.7 95314
470 193 97244
480 205 99294
490 211.2 101406
500 213.7 103543
510 221.3 105756
520 215.9 107915
530 215.7 110072
540 219.7 112269
550 225.2 114521
560 220.6 116727
570 222.1 118948
580 223.1 121179
590 223.8 123417
600 224.4 125661
610 224.4 127905
620 220.8 130113
630 220.3 132316
640 222 134536
650 218.9 136725
660 221.1 138936
670 224.9 141185
680 222.1 143406
690 221.8 145624
700 229.4 147918
710 225.1 150169
720 202.6 152195
730 0 152195
740 0 152195
750 0 152195
760 0 152195
770 0 152195
779 0 152195
